-122
-147
-183
-144
-171
-168
-203
-188
-187
-149
-137
-188
-176
-222
-187
-159
-174
-45
3
-57
-130
-186
-200
-154
-167
-138
-144
-153
-152
-158
-83
-64
-64
-93
-79
-75
-57
-21
-17
-44
-50
-144
-184
-166
-116
-139
-133
-122
-132
-125
-159
-166
-192
-215
-222
-216
-487
-470
-531
-419
-468
-488
-510
-464
-476
-432
-417
-479
-461
-499
-479
-451
-463
-298
-208
-319
-385
-488
-505
-395
-418
-365
-392
-464
-446
-400
-359
-342
-284
-382
-361
-421
-415
-351
-346
-428
-419
-466
-486
-488
-405
-415
-388
-464
-477
-463
-508
-571
-538
-558
-541
-576
-495
-542
-505
-484
-467
-538
-488
-459
-419
-450
-446
-451
-475
-504
-527
-480
-341
-239
-218
-345
-398
-440
-483
-390
-414
-308
-417
-441
-387
-332
-354
-252
-204
-289
-332
-491
-474
-418
-478
-586
-531
-503
-495
-465
-423
-379
-334
-452
-465
-517
-532
-576
-528
-499
-540
-532
-522
-551
-458
-406
-432
-448
-373
-398
-427
-382
-385
-361
-408
-467
-435
-406
-359
-290
-230
-305
-368
-423
-431
-394
-479
-534
-488
-419
-384
-371
-400
-316
-244
-337
-383
-416
-385
-379
-440
-537
-422
-388
-378
-361
-347
-406
-392
-426
-439
-402
-437
-531
-462
-431
-473
-538
-497
-592
-435
-424
-419
-329
-261
-388
-408
-374
-324
-298
-348
-351
-387
-371
-401
-293
-197
-305
-380
-385
-413
-388
-542
-689
-511
-316
-352
-375
-412
-334
-260
-347
-342
-345
-332
-383
-451
-494
-362
-338
-332
-303
-304
-369
-430
-400
-426
-399
-421
-519
-423
-369
-460
-497
-443
-526
-501
-501
-480
-417
-402
-417
-428
-351
-407
-440
-382
-369
-394
-343
-294
-215
-198
-308
-357
-453
-484
-537
-569
-540
-389
-312
-390
-408
-339
-276
-259
-325
-327
-360
-378
-449
-440
-307
-254
-268
-307
-302
-395
-427
-432
-381
-413
-427
-470
-539
-416
-488
-546
-589
-435
-479
-496
-514
-474
-477
-385
-388
-383
-395
-474
-506
-428
-371
-373
-356
-247
-237
-265
-349
-360
-430
-506
-554
-511
-482
-354
-285
-392
-407
-312
-249
-233
-306
-370
-369
-432
-475
-367
-286
-277
-286
-300
-314
-356
-396
-429
-424
-452
-472
-492
-526
-472
-492
-498
-565
-427
-456
-455
-452
-435
-466
-451
-420
-395
-458
-487
-473
-428
-421
-438
-403
-300
-304
-321
-339
-333
-374
-466
-500
-402
-338
-227
-222
-329
-334
-355
-272
-196
-210
-309
-358
-394
-388
-354
-285
-312
-303
-292
-326
-341
-410
-409
-411
-457
-500
-538
-467
-400
-352
-442
-532
-437
-456
-485
-435
-466
-446
-415
-383
-403
-460
-407
-388
-373
-390
-392
-392
-306
-344
-362
-375
-357
-441
-462
-493
-449
-438
-393
-386
-392
-343
-363
-266
-180
-183
-273
-374
-418
-416
-346
-339
-382
-411
-368
-382
-397
-395
-413
-388
-399
-492
-519
-493
-433
-425
-520
-583
-411
-467
-505
-457
-428
-367
-372
-402
-423
-419
-320
-253
-234
-298
-356
-388
-330
-368
-424
-388
-426
-462
-518
-556
-623
-722
-644
-608
-557
-433
-370
-248
-225
-240
-267
-345
-384
-343
-425
-451
-508
-536
-519
-516
-561
-515
-460
-418
-405
-421
-458
-518
-572
-595
-672
-670
-443
-497
-485
-450
-384
-407
-402
-355
-310
-306
-254
-165
-284
-302
-334
-318
-265
-318
-328
-306
-291
-320
-337
-338
-436
-589
-643
-715
-579
-428
-351
-296
-289
-340
-372
-312
-317
-342
-396
-398
-402
-393
-393
-412
-521
-479
-393
-435
-447
-418
-421
-468
-503
-532
-589
-619
-493
-510
-559
-479
-388
-422
-424
-337
-232
-265
-214
-184
-280
-329
-332
-304
-251
-238
-268
-251
-234
-209
-196
-218
-312
-546
-714
-815
-630
-430
-302
-306
-384
-401
-383
-304
-233
-346
-373
-379
-391
-331
-258
-295
-488
-428
-398
-475
-501
-437
-393
-483
-469
-468
-508
-525
-511
-483
-451
-389
-389
-451
-466
-461
-435
-379
-356
-294
-381
-404
-414
-434
-352
-323
-319
-342
-391
-398
-464
-518
-514
-518
-588
-634
-536
-454
-295
-256
-347
-357
-384
-446
-498
-498
-458
-441
-360
-276
-215
-180
-260
-316
-416
-443
-399
-427
-452
-558
-494
-476
-458
-440
-582
-538
-414
-399
-404
-434
-441
-444
-439
-323
-377
-382
-410
-461
-483
-527
-406
-327
-296
-335
-418
-432
-502
-586
-554
-523
-601
-606
-580
-463
-340
-330
-362
-305
-356
-487
-519
-517
-452
-367
-346
-287
-253
-256
-305
-327
-468
-443
-440
-469
-488
-484
-472
-436
-387
-374
-564
-521
-451
-429
-415
-418
-432
-379
-369
-384
-421
-452
-461
-507
-475
-428
-298
-272
-250
-308
-375
-484
-578
-637
-604
-543
-681
-704
-592
-466
-395
-365
-323
-332
-347
-404
-443
-402
-335
-392
-404
-387
-418
-497
-543
-557
-508
-486
-483
-495
-494
-472
-496
-491
-417
-344
-604
-537
-522
-496
-421
-401
-390
-313
-342
-442
-431
-434
-443
-422
-370
-341
-268
-309
-300
-341
-382
-459
-531
-519
-505
-477
-542
-584
-507
-423
-402
-441
-524
-652
-716
-750
-750
-652
-579
-481
-435
-447
-479
-486
-556
-462
-464
-445
-474
-487
-481
-461
-483
-488
-387
-323
-620
-557
-562
-537
-424
-328
-263
-297
-375
-455
-423
-404
-336
-332
-335
-352
-347
-373
-389
-364
-338
-371
-378
-329
-307
-311
-346
-381
-388
-395
-290
-657
-938
-1157
-1316
-1355
-1298
-1146
-900
-596
-514
-500
-491
-433
-397
-389
-411
-402
-438
-433
-408
-421
-412
-360
-347
-356
-575
-504
-512
-480
-456
-376
-359
-418
-419
-343
-260
-222
-329
-502
-581
-616
-476
-458
-465
-403
-377
-482
-557
-714
-656
-551
-432
-321
-401
-436
-387
-724
-924
-1229
-1469
-1386
-1347
-1379
-957
-455
-425
-341
-408
-378
-420
-384
-320
-306
-273
-296
-317
-331
-366
-413
-385
-434
-531
-445
-466
-434
-433
-385
-395
-467
-427
-285
-155
-134
-351
-501
-673
-741
-494
-459
-410
-362
-368
-562
-741
-945
-905
-737
-467
-304
-362
-436
-473
-760
-942
-1316
-1632
-1471
-1468
-1604
-1146
-452
-300
-244
-349
-416
-440
-388
-247
-223
-183
-213
-244
-329
-356
-389
-492
-501
-526
-498
-488
-466
-405
-487
-577
-507
-422
-392
-341
-289
-410
-534
-796
-905
-618
-488
-305
-330
-414
-654
-780
-822
-734
-670
-616
-579
-375
-246
-231
-497
-775
-958
-1100
-1072
-1249
-1721
-1563
-1104
-759
-381
-358
-404
-460
-413
-328
-328
-306
-275
-331
-432
-477
-525
-483
-492
-540
-521
-471
-453
-400
-560
-625
-546
-483
-497
-360
-274
-391
-601
-969
-1123
-838
-705
-446
-459
-462
-725
-861
-919
-794
-633
-727
-790
-394
-215
-232
-620
-879
-973
-1053
-1092
-1320
-1829
-1747
-1302
-814
-392
-352
-355
-447
-374
-368
-370
-364
-372
-428
-497
-500
-458
-447
-468
-571
-543
-454
-429
-444
-563
-589
-573
-525
-477
-310
-160
-322
-534
-1121
-1440
-1506
-1345
-1017
-762
-597
-845
-1085
-1292
-962
-477
-868
-1170
-719
-538
-683
-1090
-1327
-1344
-1353
-1350
-1446
-1567
-1361
-1009
-690
-433
-378
-340
-408
-387
-394
-414
-438
-506
-496
-501
-415
-318
-363
-495
-578
-584
-476
-470
-508
-616
-684
-636
-581
-494
-321
-235
-319
-537
-896
-1112
-1410
-1392
-1287
-948
-843
-1164
-1275
-1167
-860
-514
-1029
-1321
-753
-588
-792
-1147
-1340
-1178
-1102
-1179
-1191
-1190
-1064
-841
-620
-455
-406
-442
-450
-458
-396
-404
-476
-468
-482
-432
-381
-338
-376
-436
-583
-522
-456
-495
-504
-725
-804
-704
-597
-446
-412
-375
-329
-300
-185
-359
-952
-1169
-1448
-1163
-1086
-1472
-1419
-603
-499
-587
-1074
-1295
-595
-479
-904
-1122
-1165
-818
-639
-778
-840
-632
-621
-651
-490
-453
-483
-491
-594
-496
-365
-396
-450
-416
-402
-407
-415
-428
-408
-416
-504
-438
-512
-583
-688
-908
-975
-897
-906
-929
-844
-620
-364
-150
-251
-511
-878
-893
-1122
-1111
-1311
-1278
-1149
-714
-758
-662
-944
-1046
-474
-370
-756
-931
-1017
-854
-813
-901
-743
-292
-312
-506
-517
-653
-619
-568
-537
-428
-356
-418
-483
-420
-389
-319
-287
-372
-468
-527
-546
-393
-553
-742
-859
-995
-1106
-1097
-1144
-1296
-1135
-819
-430
-165
-279
-461
-608
-595
-834
-1111
-1394
-1178
-930
-885
-896
-786
-817
-869
-344
-230
-609
-749
-903
-902
-940
-862
-622
63
-61
-396
-533
-741
-690
-566
-444
-366
-366
-409
-474
-393
-331
-323
-276
-312
-441
-600
-694
-674
-601
-822
-1030
-1136
-1189
-1375
-1475
-1542
-1546
-1693
-1679
-1593
-997
-479
-304
-411
-683
-920
-1118
-1074
-949
-764
-782
-803
-976
-1025
-637
-627
-888
-927
-987
-960
-981
-951
-727
96
86
100
-294
-739
-619
-555
-488
-450
-373
-449
-443
-369
-331
-320
-287
-236
-330
-399
-680
-661
-552
-894
-1172
-1244
-1270
-1359
-1434
-1495
-1570
-1733
-1880
-1992
-1270
-874
-640
-645
-602
-780
-969
-961
-860
-654
-807
-907
-1011
-1065
-836
-819
-945
-932
-962
-827
-786
-895
-872
-116
-74
74
-446
-940
-640
-527
-427
-374
-367
-413
-389
-378
-354
-378
-330
-268
-322
-376
-520
-422
-421
-993
-1327
-1339
-1240
-673
-404
-205
-209
-272
-560
-905
-1507
-1952
-1926
-1463
-674
-707
-765
-732
-618
-433
-714
-905
-1054
-1231
-1129
-1010
-872
-863
-884
-359
-249
-831
-1078
-601
-630
-376
-859
-1293
-737
-452
-332
-287
-354
-336
-309
-367
-406
-385
-341
-329
-354
-365
-574
-460
-513
-1061
-1269
-1056
-1026
-574
-225
-116
-104
-16
-299
-687
-1189
-1552
-1675
-1486
-870
-778
-642
-615
-585
-614
-894
-1076
-1061
-1084
-1179
-1215
-985
-957
-866
-295
-280
-949
-1094
-701
-552
-249
-662
-992
-635
-490
-303
-321
-346
-370
-402
-425
-412
-405
-380
-438
-477
-433
-642
-667
-699
-980
-942
-533
-386
-379
-432
-625
-545
-238
-190
-114
-82
-349
-923
-1158
-1276
-939
-566
-513
-638
-949
-1239
-1365
-1020
-845
-1177
-1411
-1301
-1128
-881
-402
-415
-899
-890
-507
-262
119
-190
-389
-530
-619
-284
-337
-386
-458
-529
-473
-449
-382
-422
-546
-583
-562
-569
-610
-800
-821
-791
-501
-415
-472
-470
-409
-309
-185
-246
-187
-213
-450
-860
-1068
-1485
-1169
-906
-788
-830
-1175
-1099
-959
-611
-432
-721
-892
-780
-528
-308
-322
-591
-817
-894
-1183
-1083
-767
-1055
-1120
-1044
-894
-507
-550
-514
-514
-473
-401
-418
-383
-451
-540
-551
-556
-580
-605
-817
-734
-597
-436
-454
-470
-417
-289
-214
-234
-348
-334
-322
-397
-576
-1021
-1668
-1353
-1135
-855
-906
-1287
-1057
-702
-386
-156
-378
-494
-417
-143
114
-217
-683
-657
-837
-1601
-1732
-1438
-1660
-1774
-1404
-1094
-619
-598
-500
-500
-459
-383
-391
-348
-448
-512
-435
-458
-649
-719
-771
-631
-526
-410
-386
-364
-310
-237
-266
-322
-386
-329
-266
-304
-523
-1132
-1639
-1516
-1520
-1210
-1025
-1093
-938
-805
-734
-835
-928
-896
-914
-690
-509
-470
-462
-930
-1281
-1375
-1579
-2054
-2294
-2383
-1711
-1121
-469
-429
-384
-405
-356
-354
-361
-395
-420
-423
-393
-418
-573
-692
-692
-519
-408
-318
-265
-309
-264
-212
-273
-327
-359
-345
-267
-262
-422
-1142
-1617
-1554
-1655
-1392
-1262
-1237
-1012
-928
-937
-1029
-1121
-1150
-1148
-904
-783
-681
-792
-1259
-1535
-1526
-1974
-2435
-2563
-2712
-1911
-1359
-505
-360
-279
-275
-288
-313
-335
-450
-387
-379
-369
-406
-473
-503
-525
-451
-383
-331
-295
-268
-296
-235
-299
-335
-411
-399
-343
-304
-306
-976
-1360
-1327
-1489
-1784
-1939
-1697
-1374
-1108
-1114
-1237
-1581
-1660
-1495
-1201
-1045
-1393
-1773
-1890
-2044
-2168
-2317
-2221
-2158
-2240
-2057
-1792
-779
-501
-212
-274
-329
-380
-422
-434
-409
-339
-374
-416
-494
-500
-536
-490
-404
-370
-295
-233
-261
-219
-259
-312
-394
-411
-326
-351
-334
-953
-1213
-1077
-1216
-1523
-1815
-1782
-1699
-1595
-1598
-1668
-1795
-1789
-1464
-1228
-1150
-1677
-2040
-2060
-2117
-2202
-2112
-1976
-1918
-2018
-2113
-2027
-1111
-648
-226
-278
-370
-382
-434
-429
-428
-372
-440
-414
-537
-593
-654
-594
-552
-386
-255
-249
-178
-174
-255
-343
-375
-413
-369
-428
-555
-957
-1065
-607
-474
-958
-1361
-2022
-2309
-2363
-2352
-2268
-2028
-1738
-1237
-1259
-1300
-1899
-2345
-2155
-2065
-2001
-1769
-1532
-1568
-1711
-2122
-2215
-1419
-898
-246
-328
-424
-367
-378
-461
-460
-464
-459
-460
-568
-609
-612
-566
-602
-415
-283
-293
-311
-322
-350
-397
-477
-479
-455
-470
-573
-942
-1259
-662
-421
-603
-730
-1109
-1387
-1521
-1677
-1832
-1925
-1994
-1926
-2066
-2024
-2204
-2325
-2143
-2041
-1849
-1471
-1116
-983
-1066
-1413
-1819
-1594
-1172
-422
-473
-446
-425
-463
-438
-467
-494
-487
-499
-566
-648
-522
-560
-669
-458
-291
-348
-353
-405
-380
-440
-490
-503
-502
-504
-575
-1052
-1420
-798
-215
100
84
-270
-650
-942
-1247
-1591
-1928
-2198
-2383
-2507
-2453
-2417
-2199
-2143
-2020
-1693
-1286
-643
-320
-385
-876
-1296
-1684
-1403
-541
-500
-469
-426
-435
-410
-445
-463
-504
-461
-551
-622
-451
-505
-541
-354
-234
-275
-277
-310
-338
-358
-418
-405
-390
-455
-449
-907
-1161
-668
-300
-197
-208
-282
-381
-433
-575
-730
-950
-1084
-1097
-1094
-1072
-1262
-1535
-1332
-1227
-1018
-803
-488
-434
-499
-664
-794
-1118
-1086
-508
-498
-489
-445
-426
-362
-422
-518
-485
-436
-524
-609
-490
-516
-478
-321
-233
-278
-325
-303
-319
-330
-320
-307
-364
-424
-406
-716
-905
-559
-326
-247
-207
-130
-126
-90
-193
-303
-437
-582
-593
-598
-578
-1021
-1408
-997
-757
-475
-356
-286
-315
-351
-302
-488
-883
-829
-430
-460
-434
-424
-441
-388
-466
-503
-453
-379
-476
-643
-624
-644
-544
-382
-279
-337
-333
-277
-280
-213
-285
-375
-365
-363
-293
-382
-420
-295
-305
-341
-328
-387
-421
-430
-275
-139
-60
-105
-128
-222
-434
-1032
-1405
-728
-342
-285
-311
-320
-350
-395
-429
-444
-360
-334
-317
-379
-426
-434
-464
-453
-452
-442
-342
-346
-424
-571
-595
-604
-503
-402
-293
-368
-332
-263
-295
-306
-335
-323
-322
-366
-315
-302
-269
-233
-326
-317
-342
-382
-422
-413
-239
-65
-57
-52
-23
-254
-555
-975
-1318
-584
-191
-344
-354
-373
-403
-455
-473
-399
-224
-332
-411
-468
-450
-426
-468
-458
-472
-438
-420
-382
-404
-491
-518
-461
-446
-451
-413
-352
-290
-249
-384
-407
-370
-313
-343
-336
-339
-377
-344
-325
-347
-223
-230
-382
-388
-393
-271
-240
-309
-323
-177
-578
-916
-917
-914
-525
-403
-517
-487
-418
-486
-520
-495
-437
-435
-514
-583
-585
-535
-471
-448
-477
-515
-511
-503
-518
-523
-600
-524
-448
-484
-507
-450
-388
-314
-258
-334
-376
-353
-369
-399
-432
-387
-391
-370
-376
-331
-323
-320
-381
-340
-377
-377
-366
-358
-339
-242
-412
-486
-388
-461
-336
-378
-484
-430
-432
-491
-494
-455
-428
-438
-469
-476
-432
-394
-469
-452
-434
-521
-533
-541
-579
-540
-640
-472
-440
-490
-511
-481
-414
-361
-329
-360
-379
-343
-365
-407
-468
-399
-394
-414
-364
-334
-364
-358
-365
-321
-365
-451
-457
-417
-316
-267
-226
-97
-27
-24
-199
-406
-408
-420
-433
-447
-412
-420
-414
-459
-477
-426
-367
-353
-438
-485
-402
-466
-475
-560
-589
-477
-536
-564
-558
-581
-545
-472
-397
-328
-301
-285
-255
-249
-297
-335
-379
-417
-377
-366
-347
-331
-365
-354
-332
-321
-326
-373
-446
-455
-441
-283
-288
-317
-336
-354
-445
-464
-422
-420
-421
-363
-330
-391
-420
-488
-487
-409
-410
-435
-440
-405
-366
-436
-498
-497
-481
-474
-487
-507
-503
-551
-485
-477
-437
-412
-345
-294
-208
-213
-220
-297
-360
-403
-377
-368
-354
-381
-365
-356
-297
-308
-307
-427
-442
-459
-453
-276
-333
-363
-397
-409
-426
-425
-442
-406
-404
-358
-379
-403
-394
-474
-456
-485
-450
-443
-437
-388
-373
-377
-388
-402
-384
-425
-403
-382
-408
-494
-491
-543
-480
-485
-442
-362
-292
-203
-164
-226
-288
-369
-306
-281
-327
-378
-355
-366
-362
-392
-380
-439
-449
-542
-489
-399
-480
-529
-411
-362
-364
-386
-469
-479
-485
-477
-499
-450
-470
-472
-486
-496
-433
-401
-383
-310
-309
-305
-286
-385
-450
-481
-459
-398
-416
-491
-480
-549
-497
-499
-514
-411
-351
-248
-187
-285
-325
-348
-289
-314
-351
-374
-374
-367
-338
-395
-331
-404
-423
-414
-366
-359
-454
-496
-436
-381
-377
-386
-470
-490
-538
-508
-501
-464
-442
-448
-517
-537
-434
-365
-343
-325
-269
-334
-326
-362
-406
-587
-689
-500
-490
-514
-538
-547
-459
-462
-541
-512
-456
-341
-276
-392
-392
-285
-285
-365
-378
-329
-391
-380
-238
-313
-365
-341
-321
-252
-202
-324
-372
-372
-430
-506
-388
-360
-493
-527
-478
-476
-430
-405
-400
-414
-454
-434
-396
-376
-316
-321
-341
-355
-417
-366
-351
-420
-565
-453
-488
-495
-481
-490
-504
-523
-536
-461
-425
-362
-385
-439
-403
-292
-354
-396
-366
-400
-385
-387
-379
-411
-365
-299
-300
-275
-256
-317
-341
-339
-420
-411
-409
-475
-608
-641
-612
-548
-431
-422
-439
-460
-432
-413
-408
-407
-377
-356
-336
-337
-365
-337
-422
-360
-470
-493
-504
-499
-454
-466
-537
-569
-460
-411
-383
-406
-468
-471
-409
-274
-384
-400
-387
-416
-373
-405
-505
-431
-271
-299
-277
-259
-237
-274
-312
-324
-394
-434
-479
-544
-650
-692
-702
-529
-431
-470
-488
-478
-443
-425
-431
-446
-423
-390
-391
-387
-386
-432
-420
-330
-419
-528
-508
-463
-463
-549
-536
-487
-443
-406
-319
-355
-385
-487
-495
-434
-458
-401
-307
-295
-290
-266
-361
-330
-304
-332
-215
-257
-233
-257
-291
-326
-345
-325
-342
-363
-343
-465
-613
-567
-525
-615
-611
-521
-430
-345
-412
-497
-449
-391
-327
-316
-334
-471
-560
-353
-452
-564
-501
-427
-520
-554
-550
-497
-487
-402
-309
-360
-393
-504
-552
-490
-467
-410
-323
-288
-192
-201
-366
-310
-342
-271
-238
-237
-275
-274
-294
-310
-400
-325
-333
-324
-307
-433
-601
-551
-575
-643
-635
-507
-396
-333
-454
-499
-462
-407
-345
-355
-366
-485
-546
