149
-189
-259
-164
-200
-202
-243
-194
-226
-181
-149
-223
-164
-265
-199
-191
-224
35
143
-91
-196
-257
-220
-112
-189
-183
-204
-203
-156
-150
-24
1
-4
-86
-141
-65
-58
-39
-22
-26
-32
-159
-262
-220
-124
-174
-134
-217
-236
-201
-247
-288
-293
-299
-284
-262
-148
-495
-596
-404
-439
-507
-536
-443
-485
-453
-425
-499
-419
-466
-445
-413
-450
-157
-12
-318
-434
-543
-491
-252
-355
-348
-450
-498
-437
-347
-263
-226
-180
-378
-423
-442
-434
-372
-366
-420
-333
-407
-538
-517
-377
-425
-353
-553
-615
-584
-665
-743
-681
-669
-619
-655
-191
-581
-566
-502
-399
-543
-498
-439
-432
-483
-433
-453
-471
-479
-534
-444
-281
-150
-62
-349
-449
-482
-492
-252
-357
-278
-486
-485
-334
-245
-224
-104
-59
-294
-409
-560
-529
-429
-566
-708
-494
-464
-527
-473
-373
-363
-281
-525
-605
-639
-680
-770
-683
-605
-612
-601
-256
-604
-484
-429
-397
-447
-365
-385
-443
-389
-367
-327
-406
-457
-459
-410
-319
-198
-116
-319
-420
-462
-427
-302
-481
-528
-528
-434
-339
-254
-300
-142
-60
-356
-456
-457
-426
-408
-545
-771
-432
-396
-413
-350
-305
-378
-355
-494
-587
-529
-579
-757
-616
-488
-557
-591
-247
-634
-403
-407
-402
-270
-215
-374
-388
-339
-263
-228
-286
-302
-408
-420
-407
-257
-127
-345
-437
-390
-403
-340
-608
-797
-491
-318
-336
-328
-350
-228
-140
-395
-428
-349
-357
-416
-581
-696
-414
-361
-337
-283
-241
-366
-472
-465
-539
-452
-551
-757
-547
-376
-527
-527
-174
-590
-460
-459
-457
-349
-348
-376
-399
-290
-328
-345
-299
-263
-410
-347
-278
-201
-150
-318
-350
-435
-477
-534
-619
-641
-345
-295
-454
-383
-282
-220
-161
-413
-407
-367
-413
-493
-493
-422
-303
-322
-335
-331
-361
-425
-472
-454
-490
-456
-581
-738
-519
-527
-614
-631
-150
-517
-493
-491
-429
-443
-356
-352
-332
-326
-407
-425
-330
-265
-349
-331
-186
-196
-210
-351
-332
-440
-510
-576
-527
-495
-289
-243
-510
-441
-276
-210
-212
-380
-436
-355
-461
-568
-383
-297
-302
-325
-338
-373
-368
-406
-451
-456
-466
-503
-557
-658
-543
-531
-551
-606
-109
-494
-466
-430
-403
-473
-474
-374
-378
-425
-454
-445
-373
-347
-411
-361
-217
-242
-303
-312
-294
-374
-470
-521
-358
-302
-131
-151
-453
-431
-376
-212
-123
-239
-347
-389
-418
-413
-337
-236
-300
-310
-308
-401
-379
-459
-416
-451
-495
-611
-633
-557
-441
-316
-528
-612
-118
-517
-492
-425
-450
-492
-464
-370
-415
-503
-398
-351
-338
-349
-381
-345
-233
-330
-342
-362
-345
-414
-489
-525
-395
-341
-263
-292
-468
-439
-410
-212
-64
-124
-262
-400
-443
-423
-322
-289
-368
-393
-408
-454
-440
-396
-439
-438
-461
-642
-647
-572
-443
-352
-567
-639
-115
-527
-566
-445
-416
-368
-391
-421
-458
-439
-282
-165
-169
-259
-322
-365
-298
-345
-439
-416
-458
-450
-553
-659
-697
-765
-542
-499
-600
-477
-417
-224
-98
-183
-216
-382
-401
-313
-434
-453
-531
-578
-614
-638
-652
-552
-492
-451
-455
-531
-601
-636
-649
-611
-737
-764
-127
-567
-581
-495
-357
-413
-373
-330
-320
-308
-191
-69
-247
-244
-301
-283
-210
-321
-369
-374
-339
-308
-381
-448
-599
-773
-660
-647
-560
-475
-393
-293
-199
-268
-306
-285
-295
-354
-413
-433
-438
-474
-497
-572
-727
-565
-410
-504
-509
-487
-522
-571
-574
-594
-704
-723
-156
-590
-671
-557
-392
-436
-388
-214
-147
-220
-119
-101
-267
-308
-275
-241
-224
-226
-301
-311
-289
-168
-214
-313
-472
-739
-810
-826
-563
-414
-341
-325
-322
-332
-312
-181
-179
-360
-371
-397
-416
-365
-303
-460
-723
-531
-393
-528
-517
-397
-412
-529
-533
-557
-632
-714
-166
-525
-530
-449
-414
-469
-433
-362
-306
-282
-279
-229
-341
-397
-383
-379
-322
-327
-306
-421
-445
-388
-489
-604
-636
-673
-670
-677
-492
-446
-355
-311
-328
-272
-335
-393
-469
-493
-424
-447
-341
-287
-237
-305
-480
-453
-502
-481
-406
-430
-455
-571
-511
-557
-586
-604
-240
-544
-395
-428
-488
-461
-452
-411
-363
-238
-309
-319
-357
-431
-484
-490
-382
-314
-257
-436
-551
-480
-597
-720
-648
-625
-648
-597
-535
-448
-341
-399
-387
-262
-341
-517
-545
-535
-434
-393
-279
-209
-231
-298
-455
-480
-620
-428
-402
-496
-527
-523
-505
-540
-493
-490
-203
-463
-387
-446
-493
-473
-447
-365
-356
-373
-383
-395
-419
-457
-405
-346
-233
-226
-188
-360
-472
-589
-694
-755
-703
-639
-774
-697
-470
-363
-323
-352
-361
-362
-384
-475
-484
-394
-353
-437
-357
-300
-417
-549
-741
-748
-724
-561
-486
-584
-560
-493
-553
-606
-496
-404
-212
-456
-428
-481
-463
-418
-410
-308
-388
-489
-413
-413
-424
-386
-303
-264
-206
-266
-205
-334
-444
-582
-642
-624
-622
-566
-724
-673
-438
-334
-338
-449
-571
-659
-747
-771
-740
-589
-503
-459
-385
-349
-489
-578
-769
-696
-722
-593
-565
-616
-550
-466
-529
-597
-416
-324
-228
-468
-497
-545
-454
-284
-212
-346
-431
-525
-417
-332
-283
-275
-257
-258
-272
-327
-341
-302
-364
-400
-392
-334
-339
-365
-483
-507
-420
-389
-253
-794
-1191
-1395
-1617
-1576
-1426
-1120
-790
-430
-470
-430
-491
-454
-538
-619
-727
-611
-588
-535
-474
-427
-428
-373
-357
-340
-199
-446
-452
-474
-464
-295
-290
-482
-469
-384
-229
-128
-303
-459
-543
-470
-306
-393
-426
-377
-364
-514
-555
-733
-609
-556
-470
-407
-516
-512
-350
-929
-1342
-1791
-2130
-1849
-1735
-1607
-871
-178
-396
-318
-416
-399
-527
-564
-604
-538
-447
-400
-361
-338
-386
-413
-375
-409
-185
-437
-430
-427
-467
-327
-358
-547
-465
-256
-45
-3
-404
-562
-752
-646
-245
-389
-431
-356
-409
-665
-875
-1117
-930
-730
-404
-263
-496
-548
-526
-1022
-1439
-2149
-2613
-2155
-2111
-2165
-1167
-169
-230
-189
-383
-462
-560
-485
-384
-391
-323
-276
-271
-359
-360
-359
-513
-444
-169
-464
-466
-442
-387
-496
-572
-534
-457
-395
-232
-112
-459
-694
-1114
-980
-360
-267
-166
-334
-453
-824
-976
-1040
-823
-671
-531
-491
-357
-245
-231
-801
-1329
-1816
-2096
-1821
-2088
-2749
-1899
-958
-572
-237
-349
-446
-587
-473
-363
-451
-452
-312
-393
-463
-475
-513
-438
-451
-187
-472
-427
-410
-336
-648
-711
-549
-517
-549
-322
-152
-437
-766
-1502
-1427
-671
-425
-140
-380
-516
-977
-1090
-1143
-868
-627
-746
-736
-232
-104
-165
-888
-1476
-1680
-1892
-1819
-2264
-3190
-2418
-1335
-623
-212
-338
-411
-550
-413
-362
-462
-499
-373
-462
-548
-542
-531
-432
-426
-219
-503
-386
-377
-401
-663
-695
-610
-562
-543
-289
-69
-397
-743
-1917
-2166
-1899
-1374
-848
-586
-519
-1115
-1446
-1709
-1004
-261
-1177
-1434
-597
-469
-738
-1502
-2085
-2136
-2272
-2216
-2437
-2836
-2029
-1108
-538
-245
-317
-367
-495
-404
-394
-520
-583
-563
-534
-542
-472
-324
-410
-515
-243
-554
-379
-405
-492
-714
-813
-648
-590
-524
-278
-128
-328
-649
-1625
-2032
-2316
-1870
-1409
-782
-710
-1501
-1649
-1565
-876
-229
-1468
-1776
-646
-611
-1017
-1686
-2214
-1971
-2020
-2226
-2270
-2313
-1673
-974
-477
-268
-336
-421
-487
-456
-362
-534
-627
-541
-541
-515
-412
-324
-405
-464
-236
-488
-359
-511
-493
-902
-977
-722
-536
-328
-297
-254
-248
-264
-344
-886
-1936
-1922
-2018
-1110
-1036
-2083
-1808
-567
-505
-540
-1544
-1743
-374
-467
-1256
-1606
-1835
-1230
-1129
-1693
-1661
-1272
-1118
-909
-323
-271
-447
-489
-660
-474
-314
-500
-578
-446
-513
-530
-534
-472
-418
-394
-135
-433
-475
-579
-735
-1187
-1288
-979
-951
-907
-728
-429
-136
44
-188
-742
-1605
-1606
-1902
-1208
-1391
-1902
-1553
-620
-760
-703
-1353
-1367
-185
-335
-1101
-1331
-1494
-1069
-1103
-1636
-1293
-448
-637
-900
-394
-460
-522
-550
-576
-422
-330
-529
-567
-423
-470
-493
-445
-475
-507
-529
-170
-381
-563
-830
-1002
-1414
-1579
-1422
-1465
-1611
-1180
-652
-102
134
-203
-584
-1027
-1035
-1416
-1474
-1759
-1615
-1214
-909
-939
-835
-1050
-976
19
-125
-897
-1014
-1243
-1108
-1261
-1459
-931
296
-230
-818
-594
-685
-592
-541
-460
-389
-380
-498
-547
-390
-393
-437
-401
-449
-586
-711
-344
-619
-572
-1001
-1344
-1600
-1805
-2019
-2124
-2163
-1996
-2006
-1735
-1484
-763
-400
-434
-700
-1133
-1320
-1603
-1438
-1177
-799
-891
-973
-1203
-1135
-322
-511
-1065
-1084
-1188
-1142
-1267
-1497
-915
464
104
-160
-595
-933
-513
-547
-551
-453
-358
-520
-483
-373
-383
-420
-361
-316
-498
-595
-311
-644
-507
-1196
-1729
-1800
-1996
-2185
-2314
-2334
-2482
-2665
-2615
-2414
-1243
-726
-486
-712
-866
-1171
-1418
-1280
-1049
-636
-994
-1196
-1318
-1227
-598
-688
-1056
-1014
-1047
-952
-1040
-1481
-1077
239
145
125
-925
-1411
-543
-523
-529
-418
-343
-425
-403
-374
-352
-430
-344
-285
-461
-526
-111
-393
-419
-1440
-2191
-1974
-1830
-885
-577
-382
-528
-721
-1186
-1556
-2135
-2452
-2246
-1527
-608
-965
-1055
-870
-698
-407
-920
-1263
-1457
-1578
-1052
-901
-821
-914
-972
-83
-224
-1606
-1478
-325
-411
-240
-1481
-1933
-631
-356
-344
-276
-316
-335
-308
-398
-409
-405
-324
-271
-420
-441
-168
-403
-547
-1554
-2236
-1662
-1440
-455
15
130
20
27
-624
-1175
-2177
-2703
-2732
-1892
-800
-802
-696
-637
-599
-589
-1118
-1507
-1440
-1495
-1387
-1244
-867
-948
-899
99
-76
-1778
-1570
-481
-365
-70
-1336
-1728
-627
-358
-167
-270
-314
-358
-391
-441
-415
-404
-338
-349
-467
-412
-287
-676
-783
-1396
-1666
-731
-480
-368
-391
-617
-484
-143
-293
-271
-423
-1066
-2057
-1859
-1536
-847
-388
-501
-727
-1152
-1592
-1884
-1143
-1057
-1693
-1778
-1433
-1199
-890
-40
-171
-1545
-1272
-286
15
469
-595
-897
-658
-534
0
-236
-371
-548
-596
-464
-430
-397
-443
-539
-544
-507
-212
-678
-1002
-1129
-1305
-517
-378
-515
-509
-499
-303
-91
-288
-208
-247
-816
-1730
-1912
-2234
-1149
-700
-716
-967
-1556
-1429
-1333
-496
-431
-1306
-1341
-1025
-586
-254
-65
-406
-1216
-1259
-1272
-917
-458
-1381
-1547
-1234
-908
-247
-424
-475
-611
-557
-401
-402
-399
-505
-602
-509
-503
-225
-707
-1098
-958
-910
-472
-447
-603
-480
-286
-197
-148
-360
-366
-319
-587
-1124
-1945
-2895
-1548
-1050
-779
-1052
-1783
-1256
-680
-20
99
-729
-760
-533
12
388
-237
-674
-809
-1260
-2322
-2070
-1486
-2335
-2499
-1744
-1163
-445
-466
-489
-582
-547
-376
-374
-332
-539
-650
-466
-417
-349
-830
-1037
-853
-725
-486
-411
-480
-392
-213
-250
-235
-417
-358
-221
-400
-876
-2064
-3123
-2010
-1707
-1203
-1157
-1523
-1074
-696
-440
-571
-1069
-1071
-1060
-539
-182
-345
-507
-1225
-1705
-2146
-2486
-2968
-3481
-3536
-2290
-1249
-270
-332
-443
-459
-429
-372
-362
-409
-473
-546
-418
-401
-301
-865
-960
-733
-587
-408
-316
-428
-289
-162
-238
-282
-391
-375
-162
-286
-640
-2054
-3225
-2437
-2314
-1689
-1458
-1502
-1061
-824
-863
-919
-1226
-1337
-1421
-912
-587
-481
-761
-1780
-2166
-2225
-3253
-4245
-4325
-4299
-2782
-1639
-343
-265
-362
-350
-361
-342
-360
-502
-434
-476
-395
-446
-174
-639
-772
-638
-562
-456
-365
-324
-293
-192
-302
-291
-478
-426
-274
-276
-431
-1781
-2824
-2360
-2503
-2779
-2718
-2169
-1575
-1078
-1156
-1379
-2036
-2140
-1920
-1438
-1060
-1698
-2259
-2779
-3127
-3320
-3770
-4045
-4019
-3983
-3199
-2375
-657
-381
-196
-351
-403
-427
-451
-472
-445
-384
-429
-467
-200
-612
-712
-663
-572
-525
-376
-282
-267
-200
-250
-287
-459
-450
-254
-332
-409
-1601
-2407
-1855
-2229
-3108
-3220
-2707
-2329
-1944
-1991
-2136
-2591
-2559
-2061
-1748
-1567
-2770
-3343
-3413
-3599
-3783
-3723
-3663
-3730
-3831
-3642
-2941
-1150
-470
-41
-339
-423
-406
-493
-449
-443
-347
-481
-460
-236
-699
-814
-750
-713
-486
-300
-277
-161
-130
-244
-349
-379
-411
-311
-478
-752
-1475
-1929
-651
-728
-2258
-2937
-3577
-3583
-3415
-3386
-3263
-3054
-2564
-1708
-1837
-2010
-3425
-4126
-3643
-3607
-3587
-3207
-2849
-3173
-3435
-4022
-3519
-1670
-734
62
-404
-487
-326
-382
-474
-441
-413
-490
-468
-287
-691
-710
-716
-782
-461
-324
-337
-317
-289
-327
-388
-472
-457
-378
-525
-774
-1481
-2024
-495
-253
-1237
-1769
-2534
-2884
-3016
-3167
-3300
-3270
-3087
-2715
-2935
-3077
-3914
-4303
-3796
-3598
-3321
-2552
-1850
-2098
-2475
-3372
-3307
-2113
-1160
-102
-548
-487
-401
-435
-438
-443
-463
-487
-537
-328
-718
-575
-734
-902
-480
-338
-413
-404
-426
-388
-430
-526
-479
-457
-537
-753
-1634
-2354
-650
125
84
-151
-780
-1515
-2120
-2699
-3209
-3563
-3784
-3796
-3970
-3960
-4256
-4120
-3928
-3579
-2927
-1961
-700
-638
-962
-2444
-2806
-2661
-1631
-277
-564
-504
-420
-427
-397
-429
-438
-548
-571
-327
-700
-460
-660
-735
-375
-265
-356
-331
-329
-365
-382
-445
-446
-423
-507
-579
-1448
-2019
-504
49
-78
-139
-371
-670
-944
-1488
-1905
-2276
-2451
-2376
-2376
-2342
-3038
-3280
-2648
-2294
-1732
-1067
-398
-510
-714
-1461
-1868
-2208
-1338
-233
-566
-553
-481
-449
-344
-477
-586
-569
-562
-288
-685
-499
-606
-684
-330
-265
-353
-343
-315
-368
-405
-374
-381
-419
-464
-453
-1100
-1577
-315
7
-111
-92
-28
-61
-84
-545
-772
-986
-1181
-1189
-1115
-1069
-2394
-2808
-1548
-1027
-477
-358
-306
-401
-481
-553
-1003
-1714
-980
-159
-543
-516
-512
-455
-358
-516
-617
-512
-476
-266
-769
-714
-745
-675
-407
-319
-452
-347
-264
-302
-271
-334
-441
-430
-422
-297
-560
-744
-118
-50
-228
-224
-293
-345
-400
-349
-280
-225
-296
-334
-531
-810
-2168
-2555
-817
-314
-272
-341
-351
-399
-488
-577
-639
-653
-410
-155
-463
-551
-506
-478
-396
-471
-515
-363
-385
-187
-733
-745
-706
-599
-475
-368
-490
-378
-217
-297
-328
-366
-361
-398
-408
-288
-332
-297
-99
-134
-244
-303
-362
-371
-378
-164
-29
-22
-51
-51
-481
-937
-1853
-2145
-486
-76
-363
-378
-395
-469
-535
-580
-410
-139
-302
-416
-527
-556
-500
-481
-408
-440
-436
-416
-358
-141
-606
-632
-534
-466
-553
-531
-462
-342
-243
-423
-460
-381
-304
-405
-343
-297
-356
-307
-202
-199
-88
-167
-406
-339
-329
-185
-177
-293
-310
-122
-847
-1468
-1472
-1427
-392
-291
-551
-470
-418
-593
-626
-549
-447
-394
-530
-679
-694
-647
-565
-459
-426
-469
-449
-449
-459
-241
-634
-559
-483
-477
-605
-559
-497
-372
-262
-408
-452
-366
-359
-436
-437
-362
-347
-317
-282
-203
-156
-227
-396
-285
-294
-339
-332
-358
-333
-193
-606
-925
-736
-742
-313
-332
-504
-422
-404
-578
-596
-485
-425
-410
-500
-610
-549
-534
-618
-510
-410
-512
-512
-538
-554
-272
-676
-446
-450
-478
-626
-566
-464
-405
-360
-444
-477
-395
-399
-438
-495
-370
-356
-348
-282
-241
-239
-235
-323
-271
-286
-486
-491
-384
-248
-240
-234
-173
-159
-193
-293
-462
-438
-414
-449
-498
-496
-432
-444
-474
-523
-533
-434
-453
-648
-609
-415
-510
-455
-584
-564
-211
-610
-576
-564
-559
-549
-482
-415
-344
-349
-355
-328
-337
-377
-379
-428
-456
-374
-352
-291
-234
-270
-246
-276
-262
-299
-432
-501
-467
-393
-199
-240
-279
-343
-466
-541
-537
-460
-402
-435
-386
-395
-460
-469
-547
-541
-493
-495
-516
-646
-533
-417
-478
-494
-536
-517
-203
-581
-596
-577
-572
-449
-423
-407
-421
-385
-341
-211
-282
-306
-377
-438
-475
-414
-375
-330
-321
-293
-280
-228
-241
-273
-501
-516
-524
-455
-110
-241
-288
-368
-441
-525
-495
-481
-378
-367
-343
-386
-472
-493
-578
-549
-557
-554
-520
-603
-513
-439
-429
-423
-449
-421
-149
-496
-476
-484
-542
-474
-513
-435
-509
-500
-401
-272
-214
-215
-317
-406
-463
-318
-269
-331
-355
-325
-284
-348
-373
-357
-515
-528
-662
-519
-257
-396
-474
-303
-306
-460
-487
-530
-471
-473
-492
-532
-492
-575
-609
-616
-594
-491
-468
-506
-413
-346
-334
-273
-469
-543
-207
-507
-465
-497
-559
-457
-519
-472
-529
-617
-447
-340
-220
-157
-359
-438
-484
-323
-288
-329
-364
-351
-321
-303
-375
-348
-487
-505
-562
-455
-288
-386
-470
-316
-267
-407
-472
-523
-473
-492
-525
-546
-498
-545
-585
-644
-654
-475
-402
-438
-397
-281
-338
-275
-416
-491
-388
-772
-522
-549
-604
-561
-525
-418
-494
-663
-551
-455
-263
-233
-482
-460
-317
-334
-416
-326
-308
-371
-351
-165
-292
-402
-355
-354
-277
-239
-304
-310
-319
-395
-471
-379
-377
-514
-500
-365
-492
-458
-455
-475
-531
-532
-530
-431
-418
-377
-405
-401
-375
-392
-357
-361
-213
-658
-486
-580
-606
-520
-471
-466
-521
-592
-513
-423
-306
-320
-505
-438
-240
-400
-505
-350
-378
-380
-358
-325
-376
-353
-296
-308
-240
-208
-305
-307
-272
-444
-437
-395
-485
-629
-584
-501
-502
-456
-448
-523
-544
-475
-492
-461
-455
-437
-431
-404
-376
-315
-287
-377
-109
-573
-548
-600
-639
-463
-468
-550
-566
-485
-416
-381
-393
-433
-524
-422
-207
-436
-530
-411
-443
-338
-415
-519
-377
-178
-298
-282
-168
-158
-237
-273
-263
-469
-512
-515
-599
-737
-709
-661
-425
-385
-499
-545
-548
-501
-508
-525
-540
-505
-478
-465
-394
-396
-400
-372
-75
-540
-657
-596
-585
-511
-567
-494
-445
-413
-380
-291
-324
-374
-539
-495
-351
-441
-476
-343
-310
-254
-273
-427
-296
-174
-296
-197
-173
-153
-217
-293
-299
-417
-429
-395
-402
-364
-504
-661
-481
-477
-665
-643
-563
-463
-361
-547
-634
-528
-447
-320
-295
-310
-496
-564
-86
-591
-714
-631
-487
-635
-591
-509
-451
-433
-350
-234
-330
-378
-564
-575
-434
-435
-428
-324
-285
-121
-189
-419
-304
-233
-176
-207
-163
-181
-264
-302
-321
-427
-405
-364
-334
-263
-473
-718
-524
-568
-699
-708
-541
-364
-264
-625
-673
-553
-424
-270
-322
-384
-592
-667
