-65
-105
-108
-88
-141
-140
-147
-149
-162
-122
-106
-131
-139
-188
-187
-168
-147
-82
-113
-148
-137
-156
-152
-176
-194
-149
-147
-117
-120
-118
-85
-92
-92
-76
-44
-49
-48
-25
-38
-79
-93
-154
-142
-106
-86
-112
-116
-100
-71
-50
-53
-39
-41
-65
-77
-84
-307
-145
-182
-124
-198
-186
-196
-191
-197
-154
-133
-180
-204
-219
-216
-179
-164
-114
-113
-114
-117
-184
-218
-207
-208
-138
-130
-158
-150
-145
-146
-125
-101
-103
-74
-132
-108
-89
-88
-140
-162
-193
-155
-143
-123
-142
-148
-149
-117
-100
-127
-137
-131
-150
-158
-181
-291
-173
-162
-169
-183
-207
-185
-190
-164
-158
-157
-185
-201
-218
-217
-185
-129
-98
-103
-110
-113
-161
-206
-188
-198
-138
-134
-129
-135
-122
-150
-99
-72
-69
-49
-142
-122
-112
-142
-166
-185
-178
-140
-139
-140
-125
-121
-130
-100
-136
-122
-137
-108
-126
-171
-178
-282
-172
-151
-126
-170
-179
-145
-161
-167
-123
-143
-150
-174
-213
-166
-146
-129
-86
-78
-82
-115
-146
-179
-172
-216
-210
-150
-117
-135
-138
-158
-122
-76
-69
-62
-95
-73
-104
-98
-115
-112
-92
-87
-103
-108
-151
-136
-102
-87
-74
-76
-92
-89
-113
-139
-194
-237
-197
-153
-164
-166
-114
-116
-165
-172
-144
-141
-151
-176
-171
-132
-110
-130
-72
-45
-67
-108
-134
-174
-163
-221
-246
-167
-87
-111
-122
-140
-92
-77
-63
-21
-73
-79
-112
-94
-70
-48
-64
-79
-82
-87
-114
-140
-90
-98
-109
-95
-96
-76
-99
-146
-187
-190
-164
-188
-206
-190
-174
-153
-151
-174
-154
-186
-218
-188
-183
-146
-105
-73
-40
-49
-80
-123
-178
-186
-211
-214
-173
-144
-114
-123
-111
-88
-66
-42
-38
-20
-85
-103
-137
-110
-25
-36
-44
-83
-76
-136
-145
-135
-98
-112
-134
-136
-128
-83
-159
-171
-219
-215
-142
-172
-200
-188
-192
-132
-138
-147
-165
-209
-233
-202
-180
-139
-117
-86
-73
-72
-113
-112
-150
-198
-212
-171
-170
-146
-120
-101
-101
-75
-31
-5
-32
-70
-104
-119
-135
-88
-73
-73
-71
-88
-78
-114
-134
-159
-144
-159
-168
-153
-131
-115
-155
-151
-205
-221
-135
-156
-153
-162
-154
-129
-150
-136
-186
-194
-199
-186
-194
-168
-159
-111
-97
-95
-104
-84
-128
-174
-180
-141
-133
-110
-100
-77
-70
-68
-29
-4
-15
-78
-107
-122
-104
-98
-92
-110
-101
-71
-79
-100
-130
-132
-130
-147
-150
-150
-113
-102
-111
-134
-170
-232
-127
-162
-137
-161
-136
-119
-123
-140
-161
-137
-153
-148
-162
-137
-159
-110
-112
-113
-113
-97
-159
-155
-160
-159
-177
-179
-185
-114
-57
-60
-35
-28
-14
-66
-107
-142
-144
-112
-120
-122
-152
-98
-89
-96
-102
-116
-96
-106
-130
-140
-129
-120
-140
-164
-187
-225
-137
-145
-132
-148
-114
-115
-125
-142
-132
-102
-87
-84
-111
-142
-151
-114
-115
-136
-104
-106
-144
-163
-164
-209
-261
-281
-298
-194
-109
-76
-32
-60
-76
-84
-96
-133
-120
-144
-151
-179
-179
-139
-131
-154
-132
-128
-106
-102
-76
-117
-148
-164
-205
-226
-222
-257
-155
-129
-127
-106
-144
-141
-112
-95
-112
-83
-47
-109
-115
-145
-127
-89
-91
-84
-43
-32
-82
-91
-67
-96
-185
-259
-317
-216
-124
-84
-65
-78
-114
-131
-92
-112
-122
-132
-119
-110
-95
-71
-78
-116
-115
-92
-112
-113
-82
-99
-120
-144
-164
-177
-179
-281
-151
-148
-133
-106
-142
-150
-147
-115
-131
-101
-74
-112
-129
-154
-147
-76
-57
-55
-25
-13
-58
-50
-33
-45
-153
-259
-328
-251
-136
-55
-60
-126
-131
-127
-119
-75
-129
-123
-125
-113
-78
-29
-18
-83
-69
-100
-130
-141
-120
-107
-157
-144
-131
-137
-107
-308
-153
-140
-114
-111
-145
-160
-196
-194
-181
-174
-133
-171
-186
-199
-198
-130
-87
-92
-71
-87
-133
-164
-165
-141
-118
-188
-238
-218
-165
-58
-42
-100
-111
-125
-177
-194
-177
-151
-142
-118
-81
-37
2
13
-26
-98
-112
-105
-124
-134
-196
-164
-126
-105
-75
-364
-210
-164
-138
-106
-137
-140
-161
-176
-141
-180
-171
-190
-226
-228
-256
-149
-106
-89
-73
-91
-124
-152
-179
-139
-131
-203
-222
-236
-174
-106
-89
-91
-78
-123
-176
-171
-166
-129
-90
-135
-126
-96
-67
-45
-26
-96
-131
-159
-138
-142
-158
-144
-100
-66
-56
-366
-219
-197
-167
-116
-125
-133
-132
-139
-152
-159
-190
-202
-232
-200
-185
-110
-86
-86
-82
-80
-154
-183
-188
-173
-131
-217
-219
-219
-167
-134
-110
-79
-104
-110
-125
-136
-134
-88
-107
-172
-184
-162
-174
-126
-116
-83
-124
-143
-123
-127
-150
-162
-122
-94
-62
-400
-232
-255
-206
-124
-122
-127
-107
-111
-155
-144
-167
-186
-170
-148
-152
-98
-131
-134
-117
-115
-129
-149
-138
-130
-119
-128
-158
-186
-153
-146
-167
-154
-202
-220
-229
-233
-219
-193
-148
-175
-187
-173
-151
-135
-59
-40
-86
-113
-102
-136
-153
-159
-134
-117
-89
-419
-240
-258
-219
-141
-112
-123
-103
-129
-135
-134
-149
-130
-162
-159
-174
-174
-182
-175
-148
-108
-107
-111
-93
-68
-53
-58
-53
-103
-110
-96
-239
-292
-371
-415
-451
-458
-432
-334
-253
-195
-198
-177
-129
-62
-32
3
-31
-71
-76
-93
-122
-120
-111
-108
-117
-394
-222
-218
-192
-172
-159
-177
-149
-131
-86
-66
-84
-137
-223
-241
-251
-211
-223
-186
-157
-141
-166
-184
-243
-207
-160
-85
-40
-91
-122
-109
-198
-204
-329
-429
-427
-435
-495
-343
-217
-162
-121
-144
-113
-93
-39
27
-3
5
-25
-54
-86
-109
-149
-138
-164
-364
-179
-192
-168
-164
-168
-181
-154
-128
-79
-63
-77
-115
-153
-197
-248
-221
-194
-144
-129
-113
-165
-217
-284
-284
-232
-136
-94
-55
-78
-83
-172
-174
-303
-462
-437
-462
-563
-469
-254
-115
-89
-121
-134
-111
-61
21
15
46
6
-33
-100
-117
-148
-193
-202
-352
-196
-196
-186
-160
-203
-247
-168
-129
-126
-121
-131
-109
-158
-192
-284
-233
-185
-105
-87
-121
-186
-194
-220
-208
-195
-215
-221
-50
22
34
-54
-86
-121
-190
-244
-336
-572
-666
-555
-294
-156
-115
-131
-122
-100
-78
-46
-13
-37
-79
-146
-160
-178
-164
-191
-345
-205
-178
-181
-168
-222
-224
-197
-155
-158
-94
-105
-109
-213
-237
-337
-303
-261
-206
-145
-137
-187
-227
-269
-219
-185
-254
-292
-74
8
4
-123
-155
-155
-184
-258
-337
-567
-718
-570
-333
-193
-137
-108
-119
-88
-122
-80
-51
-108
-133
-159
-153
-132
-153
-167
-347
-208
-180
-175
-205
-196
-181
-210
-176
-141
-71
-53
-110
-209
-278
-447
-531
-491
-401
-264
-227
-242
-341
-439
-329
-196
-298
-417
-230
-141
-192
-329
-340
-337
-312
-362
-361
-397
-444
-339
-278
-220
-143
-120
-127
-126
-141
-93
-83
-160
-152
-150
-103
-70
-107
-164
-329
-228
-216
-212
-229
-202
-204
-217
-187
-152
-86
-79
-116
-202
-173
-286
-462
-511
-472
-376
-397
-401
-395
-365
-333
-258
-302
-455
-276
-197
-224
-340
-351
-292
-239
-272
-250
-262
-257
-225
-225
-238
-154
-189
-156
-171
-137
-95
-108
-131
-140
-95
-76
-85
-106
-134
-343
-194
-198
-219
-215
-234
-226
-220
-181
-147
-137
-132
-120
-105
-4
-76
-224
-329
-458
-472
-525
-484
-462
-159
-190
-229
-306
-476
-236
-168
-273
-311
-292
-185
-109
-74
-88
-5
-28
-120
-137
-249
-224
-207
-226
-177
-137
-102
-110
-107
-85
-68
-84
-103
-115
-145
-317
-184
-224
-249
-274
-274
-260
-286
-307
-322
-296
-216
-133
-76
-118
-128
-136
-166
-263
-429
-594
-347
-355
-277
-299
-197
-254
-384
-216
-168
-243
-285
-293
-272
-227
-125
-55
97
36
-26
-149
-314
-252
-217
-181
-141
-135
-112
-142
-132
-90
-25
-12
-75
-148
-185
-394
-177
-234
-316
-311
-274
-290
-324
-352
-428
-402
-317
-207
-150
-114
-100
-72
-49
-163
-377
-503
-332
-284
-324
-336
-268
-233
-341
-197
-149
-225
-246
-317
-315
-300
-134
-25
191
78
26
-135
-269
-259
-217
-137
-109
-120
-115
-142
-118
-82
-54
-19
-21
-92
-174
-493
-292
-245
-315
-321
-308
-296
-424
-459
-503
-542
-644
-702
-686
-411
-138
9
-7
-97
-236
-330
-326
-297
-275
-286
-257
-319
-414
-385
-356
-367
-354
-383
-363
-333
-203
-124
133
49
179
-2
-201
-212
-205
-147
-124
-104
-145
-128
-124
-88
-58
-39
-24
-45
-77
-416
-279
-223
-316
-325
-335
-315
-383
-498
-581
-627
-737
-841
-972
-586
-380
-225
-169
-72
-161
-244
-279
-279
-250
-308
-295
-320
-403
-443
-411
-395
-392
-397
-309
-271
-197
-243
-113
-150
36
-35
-269
-207
-182
-69
-79
-118
-127
-127
-148
-114
-132
-105
-74
-62
-67
-363
-193
-161
-340
-328
-379
-336
-115
-15
67
27
34
-104
-264
-592
-743
-716
-488
-166
-148
-186
-239
-219
-155
-265
-272
-321
-443
-507
-453
-380
-392
-346
-163
-178
-191
-358
-348
-345
-152
-143
-415
-242
-126
-53
-77
-132
-112
-108
-124
-140
-127
-106
-131
-103
-98
-445
-202
-177
-310
-253
-266
-298
-171
-79
-32
-27
42
-16
-136
-321
-497
-590
-568
-331
-209
-195
-235
-243
-234
-308
-302
-285
-357
-477
-503
-416
-402
-309
-199
-289
-190
-314
-337
-295
-122
-40
-285
-197
-151
-103
-132
-133
-139
-143
-138
-144
-137
-154
-204
-191
-154
-459
-283
-249
-269
-121
-56
-35
-133
-175
-236
-207
-51
25
71
77
-21
-191
-369
-450
-354
-283
-225
-262
-347
-409
-403
-323
-297
-388
-509
-493
-416
-319
-291
-377
-210
-241
-258
-173
1
111
3
-127
-211
-131
-184
-173
-154
-170
-179
-178
-129
-156
-227
-243
-235
-387
-232
-265
-203
-119
-119
-145
-136
-125
-87
-86
-47
-44
2
-29
-34
-93
-258
-441
-493
-477
-332
-307
-392
-313
-253
-214
-214
-192
-268
-256
-155
-91
-228
-412
-213
-302
-516
-474
-368
-277
-241
-298
-303
-243
-265
-203
-169
-118
-121
-164
-131
-160
-192
-219
-229
-394
-222
-245
-166
-86
-106
-160
-114
-75
-58
-50
-93
-109
-67
-81
-35
-6
-205
-458
-560
-543
-324
-303
-412
-351
-241
-216
-242
-121
-151
-118
-18
27
-127
-330
-234
-273
-547
-674
-588
-511
-571
-453
-386
-253
-255
-166
-147
-117
-118
-147
-111
-151
-159
-136
-182
-400
-252
-205
-123
-87
-87
-103
-54
-32
-42
-80
-140
-132
-51
-60
-33
-27
-260
-405
-575
-624
-441
-334
-297
-328
-346
-429
-514
-348
-319
-330
-284
-253
-187
-205
-340
-389
-377
-541
-742
-765
-886
-635
-418
-183
-174
-91
-108
-71
-115
-129
-141
-126
-104
-104
-146
-295
-205
-165
-73
-34
-24
-34
-18
-20
-23
-78
-135
-111
-69
-85
-30
-18
-266
-380
-527
-624
-488
-419
-398
-356
-414
-428
-492
-443
-434
-396
-304
-315
-293
-356
-374
-459
-461
-658
-794
-896
-1129
-781
-544
-198
-146
-10
-30
-49
-81
-98
-156
-98
-67
-93
-133
-245
-139
-107
-62
-37
-21
-27
-11
-51
-42
-82
-140
-123
-105
-120
-77
-11
-215
-252
-380
-474
-605
-669
-596
-491
-431
-421
-481
-554
-578
-476
-372
-345
-479
-603
-543
-645
-716
-757
-677
-691
-835
-825
-743
-321
-229
-7
-49
-73
-116
-150
-140
-123
-77
-105
-141
-280
-139
-138
-90
-49
-29
-23
1
-35
-29
-66
-124
-109
-125
-123
-125
-58
-207
-180
-259
-345
-437
-584
-647
-611
-601
-542
-566
-571
-599
-445
-371
-341
-480
-607
-622
-665
-725
-680
-618
-591
-690
-786
-792
-478
-317
-59
-55
-106
-120
-151
-149
-149
-126
-145
-142
-314
-197
-208
-155
-121
-53
-8
-21
-7
-23
-68
-126
-125
-169
-158
-157
-159
-227
-174
-111
-177
-208
-335
-707
-891
-914
-886
-829
-688
-583
-370
-412
-384
-531
-742
-693
-659
-623
-530
-433
-434
-513
-722
-836
-592
-436
-146
-97
-128
-128
-128
-172
-172
-180
-166
-154
-311
-188
-189
-156
-143
-73
-30
-31
-51
-92
-93
-143
-180
-200
-192
-164
-141
-220
-291
-259
-248
-47
-96
-274
-437
-501
-574
-623
-665
-711
-716
-754
-675
-646
-765
-732
-664
-587
-397
-232
-166
-226
-390
-575
-650
-508
-256
-151
-123
-143
-161
-146
-171
-197
-164
-160
-283
-220
-155
-144
-169
-101
-28
-42
-50
-109
-96
-153
-181
-192
-202
-170
-138
-290
-354
-351
-173
89
109
3
-125
-197
-282
-400
-575
-709
-829
-866
-815
-761
-672
-700
-655
-536
-322
-88
37
-40
-112
-279
-617
-592
-310
-168
-136
-133
-124
-130
-148
-162
-154
-106
-249
-189
-128
-139
-111
-56
-10
-11
-35
-54
-80
-97
-137
-130
-124
-138
-97
-230
-239
-257
-237
-86
-54
-41
-41
-42
-57
-40
-137
-164
-178
-176
-176
-281
-411
-279
-241
-173
-141
-132
-110
-87
7
-80
-281
-373
-259
-155
-152
-108
-114
-106
-138
-165
-143
-92
-217
-185
-148
-157
-85
-58
-19
-25
-68
-71
-86
-64
-69
-75
-93
-124
-98
-169
-163
-212
-227
-116
-80
-32
-40
-36
15
17
-37
-67
-60
-68
-90
-199
-399
-187
-128
-72
-107
-76
-52
-59
23
-55
-190
-264
-202
-138
-104
-91
-123
-134
-151
-151
-129
-78
-169
-190
-194
-183
-121
-64
-24
-52
-55
-61
-69
-12
-68
-109
-103
-95
-68
-67
-36
-103
-222
-129
-122
-148
-178
-173
-30
50
84
61
66
15
-30
-138
-446
-117
-30
-65
-94
-69
-77
-90
-78
-55
-31
-60
-159
-88
-109
-112
-146
-167
-166
-146
-101
-113
-143
-148
-161
-175
-129
-91
-19
-53
-60
-76
-79
-71
-86
-82
-76
-113
-113
-87
-46
-102
-177
-110
-134
-153
-171
-162
-78
18
21
31
43
-26
-48
-113
-446
-129
-44
-114
-118
-120
-115
-127
-135
-98
-43
-120
-154
-131
-107
-88
-150
-174
-199
-168
-161
-139
-170
-132
-135
-121
-136
-126
-80
-47
-27
-60
-132
-130
-120
-91
-100
-99
-128
-137
-121
-141
-162
-89
-81
-149
-141
-170
-114
-94
-108
-111
-43
-157
-196
-164
-251
-153
-158
-189
-187
-158
-161
-160
-156
-145
-149
-206
-200
-164
-127
-119
-125
-186
-211
-207
-209
-214
-273
-185
-161
-136
-181
-156
-100
-69
-58
-66
-86
-94
-103
-121
-118
-149
-125
-121
-108
-156
-142
-135
-126
-142
-111
-171
-161
-145
-120
-133
-79
-80
-46
-31
-65
-93
-133
-163
-141
-159
-143
-138
-152
-137
-149
-147
-131
-87
-76
-103
-107
-141
-197
-196
-204
-227
-254
-202
-164
-160
-196
-155
-121
-99
-83
-84
-84
-94
-79
-78
-101
-148
-119
-105
-134
-123
-125
-158
-137
-126
-123
-159
-158
-143
-156
-130
-89
-54
2
21
69
-28
-127
-121
-139
-153
-122
-93
-136
-132
-147
-144
-95
-80
-85
-70
-89
-101
-146
-160
-209
-218
-220
-168
-206
-198
-231
-187
-161
-112
-80
-56
-45
-41
-33
-43
-69
-98
-106
-97
-106
-113
-104
-147
-145
-118
-128
-126
-111
-161
-179
-170
-107
-125
-149
-120
-95
-139
-137
-133
-135
-136
-91
-74
-114
-121
-150
-148
-104
-107
-118
-58
-43
-64
-107
-159
-163
-151
-252
-149
-133
-145
-199
-177
-201
-176
-130
-81
-54
-32
-13
-6
-46
-84
-99
-92
-101
-107
-128
-139
-137
-124
-118
-112
-146
-145
-136
-144
-111
-167
-167
-152
-144
-137
-114
-136
-129
-141
-118
-127
-113
-86
-142
-128
-151
-119
-118
-68
-51
-76
-76
-94
-91
-93
-243
-111
-82
-98
-165
-177
-219
-186
-168
-118
-93
-81
-21
-13
-31
-64
-84
-62
-73
-88
-124
-117
-142
-136
-151
-144
-132
-117
-156
-146
-166
-210
-216
-164
-155
-103
-107
-168
-189
-210
-191
-186
-127
-134
-122
-104
-114
-114
-102
-65
-38
-41
-55
-52
-84
-105
-291
-118
-84
-89
-140
-170
-215
-187
-177
-167
-120
-128
-80
-54
-81
-81
-67
-72
-95
-94
-113
-121
-121
-122
-161
-104
-109
-103
-85
-82
-131
-187
-193
-196
-174
-117
-114
-175
-204
-257
-200
-184
-160
-120
-114
-133
-159
-119
-86
-59
-44
-10
-60
-88
-77
-105
-271
-203
-140
-145
-144
-192
-203
-172
-180
-184
-184
-168
-130
-113
-139
-108
-73
-84
-112
-121
-90
-126
-127
-86
-127
-123
-89
-78
-53
-21
-108
-116
-146
-167
-203
-128
-119
-201
-229
-226
-187
-160
-132
-110
-101
-125
-125
-116
-93
-47
-40
-45
-60
-129
-107
-116
-144
-158
-130
-153
-106
-146
-185
-206
-197
-183
-161
-153
-142
-169
-135
-129
-102
-132
-122
-112
-134
-116
-130
-160
-149
-121
-98
-74
-76
-80
-78
-101
-127
-140
-118
-133
-167
-245
-270
-286
-231
-165
-156
-130
-126
-124
-116
-129
-109
-77
-44
-37
-39
-97
-102
-159
-119
-111
-147
-130
-117
-124
-171
-200
-217
-157
-140
-131
-153
-192
-162
-159
-118
-141
-105
-102
-113
-114
-140
-163
-145
-101
-105
-65
-87
-84
-89
-97
-112
-87
-94
-136
-175
-229
-281
-302
-233
-179
-188
-166
-150
-133
-121
-135
-118
-81
-61
-64
-83
-97
-164
-173
-119
-81
-149
-129
-108
-139
-180
-195
-179
-162
-140
-112
-133
-145
-182
-194
-190
-170
-119
-77
-59
-79
-65
-97
-101
-125
-113
-37
-97
-85
-76
-80
-100
-68
-31
-63
-92
-103
-177
-250
-250
-239
-236
-219
-170
-116
-100
-108
-134
-94
-72
-59
-62
-80
-154
-204
-155
-110
-163
-122
-102
-154
-170
-211
-187
-209
-163
-113
-133
-143
-191
-221
-206
-200
-138
-90
-73
-50
-33
-93
-70
-142
-87
-73
-97
-126
-84
-88
-74
-125
-46
-71
-85
-111
-170
-225
-222
-230
-232
-213
-153
-114
-125
-119
-106
-98
-87
-98
-112
-93
-130
-152
