rbr_dense.conv.weight: tensor([[[[ 0.0986,  0.0372, -0.0175],
          [ 0.0491,  0.1108,  0.1874],
          [-0.0579, -0.1163, -0.0765]],

         [[ 0.0007, -0.1882, -0.1078],
          [ 0.0355,  0.0153, -0.1897],
          [ 0.0450,  0.1199,  0.0440]],

         [[-0.1617, -0.0213, -0.1356],
          [ 0.0652,  0.0843,  0.0179],
          [-0.1399, -0.0691,  0.0557]]],


        [[[-0.1553,  0.1167,  0.1502],
          [-0.0909,  0.0106, -0.1572],
          [-0.1185,  0.0491, -0.0224]],

         [[-0.1034, -0.1363, -0.1651],
          [ 0.1790, -0.1704, -0.1839],
          [-0.0290,  0.1673,  0.1097]],

         [[-0.1041, -0.0779, -0.1223],
          [ 0.1046,  0.0933,  0.1502],
          [ 0.0424,  0.0912,  0.0693]]],


        [[[-0.0865, -0.0545, -0.1177],
          [ 0.1471, -0.0115,  0.0840],
          [ 0.0232, -0.1018,  0.1037]],

         [[-0.0836,  0.1074,  0.1089],
          [ 0.1104,  0.1919, -0.1833],
          [ 0.0101,  0.1660, -0.1814]],

         [[ 0.1095,  0.0613,  0.0296],
          [-0.1569,  0.1325,  0.0314],
          [ 0.0220, -0.1474,  0.0427]]],


        ...,


        [[[ 0.1566,  0.0420,  0.0773],
          [ 0.0852, -0.1710, -0.0514],
          [-0.1519, -0.1381,  0.1901]],

         [[-0.0542, -0.1568, -0.0697],
          [ 0.1407, -0.0872,  0.1786],
          [ 0.1502,  0.1889, -0.1426]],

         [[ 0.1334,  0.1795,  0.1305],
          [ 0.1138, -0.1128,  0.0486],
          [-0.1319, -0.0760,  0.0922]]],


        [[[ 0.1346, -0.0376,  0.1673],
          [ 0.1563, -0.0236,  0.1689],
          [ 0.1827,  0.1333,  0.1686]],

         [[-0.0495, -0.0015, -0.1683],
          [-0.0986, -0.0838,  0.0016],
          [ 0.1766, -0.0916, -0.0207]],

         [[ 0.0755, -0.1896, -0.1282],
          [-0.0299, -0.1315,  0.0055],
          [-0.1676,  0.1482,  0.1822]]],


        [[[-0.1723, -0.0822,  0.1677],
          [ 0.0280,  0.0378, -0.0159],
          [-0.1911, -0.0572,  0.0846]],

         [[ 0.0959, -0.0903,  0.1678],
          [-0.1327,  0.0983,  0.1699],
          [ 0.0307, -0.1581, -0.1122]],

         [[ 0.0901, -0.0479, -0.1702],
          [ 0.0353,  0.1182,  0.0889],
          [ 0.0414,  0.0748, -0.0389]]]])
rbr_dense.bn.weight: tensor([1., 1., 1., 1., 1., 1., 1., 1., 1., 1., 1., 1., 1., 1., 1., 1., 1., 1.,
        1., 1., 1., 1., 1., 1., 1., 1., 1., 1., 1., 1., 1., 1., 1., 1., 1., 1.,
        1., 1., 1., 1., 1., 1., 1., 1., 1., 1., 1., 1.])
rbr_dense.bn.bias: tensor([0., 0., 0., 0., 0., 0., 0., 0., 0., 0., 0., 0., 0., 0., 0., 0., 0., 0., 0., 0., 0., 0., 0., 0.,
        0., 0., 0., 0., 0., 0., 0., 0., 0., 0., 0., 0., 0., 0., 0., 0., 0., 0., 0., 0., 0., 0., 0., 0.])
rbr_dense.bn.running_mean: tensor([0., 0., 0., 0., 0., 0., 0., 0., 0., 0., 0., 0., 0., 0., 0., 0., 0., 0., 0., 0., 0., 0., 0., 0.,
        0., 0., 0., 0., 0., 0., 0., 0., 0., 0., 0., 0., 0., 0., 0., 0., 0., 0., 0., 0., 0., 0., 0., 0.])
rbr_dense.bn.running_var: tensor([1., 1., 1., 1., 1., 1., 1., 1., 1., 1., 1., 1., 1., 1., 1., 1., 1., 1.,
        1., 1., 1., 1., 1., 1., 1., 1., 1., 1., 1., 1., 1., 1., 1., 1., 1., 1.,
        1., 1., 1., 1., 1., 1., 1., 1., 1., 1., 1., 1.])
rbr_dense.bn.num_batches_tracked: 0
rbr_1x1.weight: tensor([[[[-0.1908]],

         [[-0.5182]],

         [[-0.0427]]],


        [[[ 0.2808]],

         [[ 0.2312]],

         [[ 0.5415]]],


        [[[-0.5626]],

         [[-0.3086]],

         [[ 0.2022]]],


        [[[ 0.4827]],

         [[ 0.1827]],

         [[ 0.0560]]],


        [[[-0.3460]],

         [[-0.2470]],

         [[ 0.4699]]],


        [[[-0.4347]],

         [[-0.0073]],

         [[-0.1385]]],


        [[[-0.4101]],

         [[-0.4347]],

         [[ 0.4533]]],


        [[[ 0.4873]],

         [[-0.2806]],

         [[ 0.2976]]],


        [[[-0.3444]],

         [[ 0.1351]],

         [[ 0.2928]]],


        [[[ 0.3188]],

         [[-0.2543]],

         [[ 0.2499]]],


        [[[-0.0123]],

         [[ 0.2096]],

         [[-0.0802]]],


        [[[ 0.0176]],

         [[-0.1677]],

         [[-0.2601]]],


        [[[ 0.2467]],

         [[-0.2941]],

         [[-0.2824]]],


        [[[ 0.3882]],

         [[-0.0636]],

         [[-0.0124]]],


        [[[ 0.3446]],

         [[-0.3205]],

         [[ 0.0522]]],


        [[[ 0.1627]],

         [[-0.5026]],

         [[ 0.1279]]],


        [[[-0.5342]],

         [[ 0.5656]],

         [[-0.2000]]],


        [[[-0.2543]],

         [[ 0.0423]],

         [[-0.1721]]],


        [[[-0.0629]],

         [[ 0.2254]],

         [[-0.0417]]],


        [[[-0.2126]],

         [[-0.4353]],

         [[-0.5377]]],


        [[[ 0.1333]],

         [[-0.5270]],

         [[-0.5585]]],


        [[[ 0.5286]],

         [[ 0.2646]],

         [[-0.4083]]],


        [[[ 0.4238]],

         [[-0.0071]],

         [[ 0.4692]]],


        [[[-0.3536]],

         [[ 0.3546]],

         [[-0.5683]]],


        [[[-0.5203]],

         [[ 0.4648]],

         [[-0.0404]]],


        [[[-0.3096]],

         [[-0.2698]],

         [[-0.1729]]],


        [[[-0.5687]],

         [[-0.1588]],

         [[ 0.1253]]],


        [[[-0.3721]],

         [[ 0.4613]],

         [[-0.3522]]],


        [[[-0.5072]],

         [[-0.5645]],

         [[ 0.5513]]],


        [[[-0.3500]],

         [[ 0.5684]],

         [[-0.5094]]],


        [[[ 0.0500]],

         [[ 0.0319]],

         [[ 0.4459]]],


        [[[-0.5397]],

         [[-0.4747]],

         [[ 0.0214]]],


        [[[ 0.0567]],

         [[-0.5406]],

         [[ 0.0240]]],


        [[[ 0.1536]],

         [[-0.4867]],

         [[ 0.2614]]],


        [[[-0.2262]],

         [[ 0.1985]],

         [[-0.1017]]],


        [[[-0.2037]],

         [[-0.3756]],

         [[-0.4114]]],


        [[[ 0.2842]],

         [[ 0.3569]],

         [[ 0.4052]]],


        [[[-0.0088]],

         [[-0.1382]],

         [[ 0.5009]]],


        [[[ 0.4682]],

         [[-0.2489]],

         [[ 0.2383]]],


        [[[-0.0315]],

         [[ 0.0209]],

         [[-0.2793]]],


        [[[-0.2180]],

         [[-0.2946]],

         [[ 0.0472]]],


        [[[ 0.3113]],

         [[ 0.1705]],

         [[ 0.5738]]],


        [[[ 0.2288]],

         [[ 0.1312]],

         [[ 0.3231]]],


        [[[ 0.0781]],

         [[ 0.3651]],

         [[ 0.4061]]],


        [[[-0.1334]],

         [[ 0.0698]],

         [[-0.5610]]],


        [[[ 0.4667]],

         [[ 0.1070]],

         [[-0.1387]]],


        [[[ 0.0672]],

         [[ 0.1097]],

         [[-0.4223]]],


        [[[ 0.3268]],

         [[ 0.4188]],

         [[-0.4176]]]])
bn.weight: tensor([1., 1., 1., 1., 1., 1., 1., 1., 1., 1., 1., 1., 1., 1., 1., 1., 1., 1.,
        1., 1., 1., 1., 1., 1., 1., 1., 1., 1., 1., 1., 1., 1., 1., 1., 1., 1.,
        1., 1., 1., 1., 1., 1., 1., 1., 1., 1., 1., 1.])
bn.bias: tensor([0., 0., 0., 0., 0., 0., 0., 0., 0., 0., 0., 0., 0., 0., 0., 0., 0., 0., 0., 0., 0., 0., 0., 0.,
        0., 0., 0., 0., 0., 0., 0., 0., 0., 0., 0., 0., 0., 0., 0., 0., 0., 0., 0., 0., 0., 0., 0., 0.])
bn.running_mean: tensor([0., 0., 0., 0., 0., 0., 0., 0., 0., 0., 0., 0., 0., 0., 0., 0., 0., 0., 0., 0., 0., 0., 0., 0.,
        0., 0., 0., 0., 0., 0., 0., 0., 0., 0., 0., 0., 0., 0., 0., 0., 0., 0., 0., 0., 0., 0., 0., 0.])
bn.running_var: tensor([1., 1., 1., 1., 1., 1., 1., 1., 1., 1., 1., 1., 1., 1., 1., 1., 1., 1.,
        1., 1., 1., 1., 1., 1., 1., 1., 1., 1., 1., 1., 1., 1., 1., 1., 1., 1.,
        1., 1., 1., 1., 1., 1., 1., 1., 1., 1., 1., 1.])
bn.num_batches_tracked: 0
