62
1528
-1126
814
1496
1652
-1885
-1351
-696
-1326
-1422
-1841
-2232
-2022
-584
-1636
-818
140
1043
-886
1300
2420
-1663
3008
1302
1147
750
2216
2557
-1237
-2788
809
490
805
330
-2481
1064
-2180
1192
1612
-1001
-1238
-16
247
1806
-489
-198
920
1447
424
205
-1152
3261
-3258
762
-77
-2215
-1714
-1485
-1321
4653
1665
-1282
565
1020
1089
1622
1409
1956
2191
-600
379
-2065
-427
2400
18
-1416
689
897
1750
677
-1088
-3007
-4524
897
2404
444
-1480
-1665
-1703
-1004
542
-3046
-1204
1752
-696
554
1947
-107
1850
