0.0006754969363100827
0.0001202402709168382
-0.0018242091173306108
0.00025306420866400003
-0.001031181076541543
0.0013354303082451224
-0.0008342223591171205
-0.0013484284281730652
-0.00040259069646708667
5.5931937822606415e-05
0.000467876234324649
0.0003253158647567034
-0.00021583081979770213
-0.00181259261444211
-0.00032081190147437155
0.0011300455080345273
-0.0028051796834915876
-0.000359601661330089
0.0003025798359885812
-0.00026126590091735125
0.0003150259144604206
0.002604684792459011
-0.0003050665254704654
5.41769404662773e-05
-0.0003438436833675951
-1.1154823368997313e-05
-7.27921724319458e-05
0.000789396173786372
-5.64938090974465e-05
0.0002506206219550222
-0.0006267450517043471
0.0002272636629641056
0.0008781682699918747
0.0006424809107556939
-0.0016390123637393117
-4.957551573170349e-05
-0.00017938001838047057
0.002063928870484233
-0.0003203425440005958
0.003895444329828024
-0.00017174531240016222
-0.0007202377892099321
7.087003905326128e-05
-0.0005890778847970068
0.00045765185495838523
0.00045941336429677904
-0.0013487199321389198
0.000310661387629807