-0.14565341174602509
0.0029648926574736834
-0.11251497268676758
0.10251086950302124
0.08487191051244736
0.14188094437122345
-0.130499929189682
0.1045299544930458
-0.024350371211767197
-0.05563041940331459
-0.05684639886021614
0.11248549818992615
-0.14046072959899902
0.16489192843437195
-0.09783974289894104
0.007620797958225012
0.14531193673610687
0.1592300683259964
-0.08823202550411224
0.17427431046962738
0.02801394835114479
-0.065273217856884
-0.045295026153326035
0.1219577044248581
-0.1383645236492157
-0.05416078492999077
-0.09433051943778992
0.09040650725364685
0.09078603982925415
0.07470255345106125
0.11031337827444077
0.06791317462921143
-0.10886283218860626
-0.06715289503335953
0.08629542589187622
0.14536480605602264
-0.0193155650049448
0.027537690475583076
0.06889135390520096
-0.14920368790626526
-0.016643628478050232
0.07350192219018936
0.055139604955911636
0.08430430293083191
0.17219360172748566
-0.04621599242091179
-0.12145654857158661
-0.05249230936169624