1.6365835666656494
1.029706597328186
1.1655219793319702
2.126929521560669
1.280235767364502
0.9893196821212769
1.0445159673690796
0.9973533153533936
1.0241039991378784
0.7873823642730713
1.2291561365127563
0.9966323375701904
0.9341692328453064
0.9730716347694397
0.9634314775466919
1.0674655437469482
2.5071518421173096
0.9431453943252563
1.013489007949829
1.039507269859314
0.9837137460708618
1.0930167436599731
1.013641595840454
0.7916401028633118
0.9136453866958618
1.013353705406189
1.0006897449493408
0.9933112859725952
1.4860891103744507
0.9649572968482971
1.6349865198135376
0.8899933695793152
0.8663339018821716
0.7973658442497253
1.179519772529602
0.9950637817382812
1.1674201488494873
1.4411760568618774
1.083130121231079
2.429987907409668
1.128135085105896
0.9564409255981445
0.9693295955657959
0.9582676291465759
1.011667013168335
0.921283483505249
1.0203633308410645
1.129361867904663