0.3502627909183502
0.05910477042198181
-0.15198872983455658
0.05442899093031883
-0.5152411460876465
-0.38333821296691895
0.35502105951309204
0.20561152696609497
0.06496522575616837
0.4381057918071747
-0.010661246255040169
0.4867632985115051
-0.0795225277543068
-1.2175166606903076
0.1003127470612526
0.3257651627063751
-0.02501818537712097
0.5201846957206726
0.15891441702842712
-0.08129607886075974
0.22716264426708221
-0.07545559853315353
-0.5825358629226685
0.2636566758155823
-0.023088669404387474
0.06361240893602371
0.45920827984809875
-0.1060328260064125
-0.16946591436862946
-0.19615481793880463
-0.17094066739082336
-0.08696926385164261
-0.2687705159187317
-0.19933448731899261
-0.2480117678642273
-0.3164169490337372
0.10791764408349991
0.09797839820384979
0.10341282188892365
0.09491539001464844
-0.013074405491352081
0.011564998887479305
0.09572889655828476
-0.031593188643455505
-0.0037832693196833134
0.025164999067783356
0.017676502466201782
0.01115596666932106
-0.0007160104578360915
-0.04442960396409035
-0.016479304060339928
0.047779593616724014
-0.03194427490234375
-0.059887584298849106
0.0832054540514946
-0.01378890872001648
0.09766892343759537
-0.13080312311649323
-0.1751839518547058
-0.09349790215492249
-0.11193553358316422
-0.14766114950180054
-0.13067805767059326
0.17326441407203674
0.3044082820415497
0.2496589869260788
0.19201712310314178
0.17677892744541168
0.288248211145401
0.1017790362238884
0.02550838701426983
0.03869803249835968
0.08340761065483093
0.14514385163784027
0.16232839226722717
0.0447164811193943
0.012670494616031647
0.0061066970229148865
-0.05865074321627617
-0.10835544019937515
-0.11451270431280136
0.5048023462295532
0.1546773761510849
-0.38332539796829224
0.814421534538269
0.14652755856513977
-0.6285752058029175
0.3557354211807251
-0.26424142718315125
-1.0420501232147217
0.5841948390007019
0.19617800414562225
-0.3627736270427704
0.8360345363616943
0.10104215890169144
-0.7433913350105286
0.4048772156238556
-0.2540796399116516
-1.192263126373291
-0.03454045578837395
-0.029158927500247955
-0.14760418236255646
0.13235260546207428
0.08647449314594269
-0.1265895515680313
0.14605872333049774
-0.07208972424268723
-0.21279965341091156
0.07161348313093185
0.0893959328532219
0.12432660907506943
0.16512545943260193
0.03162055090069771
0.20387791097164154
0.18904030323028564
0.08630666881799698
0.1323208212852478
-0.17108918726444244
-0.3274809718132019
-0.25732481479644775
-0.3118290901184082
-0.4178340435028076
-0.48782604932785034
-0.28115329146385193
-0.5080954432487488
-0.4757944345474243
0.031931132078170776
0.026135332882404327
0.05351501330733299
0.010618560947477818
0.08210412412881851
0.10357798635959625
0.03981426730751991
0.05102447792887688
0.1096404418349266
0.09355255961418152
0.08245515823364258
0.09175565838813782
0.08259180933237076
0.049665194004774094
0.1068359985947609
0.12321605533361435
0.12452909350395203
0.07696766406297684
-0.07726521790027618
-0.1132158562541008
-0.02151959389448166
-0.0857662484049797
-0.14692501723766327
-0.1376269906759262
-0.10630180686712265
-0.15920838713645935
-0.07678033411502838
-0.012552397325634956
-0.07004355639219284
-0.13533365726470947
-0.06720928847789764
-0.1580466777086258
-0.17009811103343964
-0.12497825920581818
-0.16975422203540802
-0.1543676108121872
-0.10858887434005737
-0.07475828379392624
-0.03063676878809929
-0.05682571977376938
-0.014373655430972576
0.007276040501892567
-0.10997413843870163
-0.03878681734204292
0.020319143310189247
-0.021340636536478996
0.13874083757400513
0.09687972813844681
0.015179264359176159
0.1318359673023224
0.1323091685771942
0.009070662781596184
0.15115724503993988
0.09831523150205612
0.018151305615901947
0.08349509537220001
0.13099917769432068
0.09140416979789734
0.14874976873397827
0.2003040611743927
0.05571479722857475
0.14649462699890137
0.12841419875621796
0.05605357512831688
0.0680534616112709
0.07884812355041504
-0.027645470574498177
-0.031077494844794273
-0.028130419552326202
-0.02235075645148754
-0.024442726746201515
0.03540745750069618
-0.08679889142513275
-0.10791975259780884
-0.07876843214035034
-0.06494056433439255
-0.12846702337265015
-0.14460498094558716
-0.11588988453149796
-0.08920490741729736
-0.12544310092926025
-0.005069284699857235
-0.06085539609193802
-0.06905902922153473
-0.08254794031381607
-0.07211694866418839
-0.11158429086208344
-0.10277269780635834
-0.12944643199443817
-0.11820835620164871
-0.16291937232017517
-0.1976270079612732
-0.1540423333644867
-0.24052798748016357
-0.16420172154903412
-0.18301643431186676
-0.1749543398618698
-0.20465874671936035
-0.2994072139263153
0.07302221655845642
-0.034771621227264404
0.011915301904082298
-0.013617204502224922
-0.0310836099088192
-0.0055678533390164375
0.06095074489712715
-0.00462449062615633
0.04720691964030266
0.0951244980096817
-0.0005710875848308206
0.06759308278560638
0.021757982671260834
0.0006758019444532692
0.047439247369766235
0.06610090285539627
0.07726754993200302
0.03306401148438454
-0.059634312987327576
-0.041067853569984436
-0.14352819323539734
-0.06982836872339249
-0.09433954954147339
-0.12528681755065918
-0.09162512421607971
-0.11849647760391235
-0.08040118217468262
-0.021289238706231117
-0.02071104757487774
-0.11034256219863892
-0.042013902217149734
0.04082000255584717
0.04051096364855766
-0.03903681039810181
0.01785154640674591
-0.012757902964949608
-0.06854984909296036
0.037097059190273285
-0.009079381823539734
0.037694357335567474
0.09596095234155655
0.06948264688253403
0.03743072599172592
0.19021403789520264
0.10473036020994186
-0.1411401778459549
-0.23602420091629028
-0.26449814438819885
-0.2600167989730835
-0.2708633542060852
-0.4227640628814697
-0.21760401129722595
-0.36787885427474976
-0.3731914758682251
0.0015514879487454891
-0.002481454983353615
-0.08070822060108185
-0.08351552486419678
0.05540761351585388
-0.05061487480998039
0.021211840212345123
-0.03144645690917969
-0.04150664433836937
0.012483571656048298
0.09462285041809082
0.031980302184820175
0.11708372831344604
0.21841534972190857
0.1688946783542633
0.07485614717006683
0.15604770183563232
0.18686014413833618
0.010108371265232563
0.024287762120366096
0.008285083808004856
-0.05254779011011124
-0.09681849181652069
-0.08146917074918747
-0.01734728179872036
-0.05685744807124138
-0.09003107249736786
0.09314152598381042
0.05580088496208191
0.07869049906730652
0.01923510618507862
-0.07671090215444565
-0.02323615550994873
0.036870941519737244
-0.04828107729554176
0.010622060857713223
0.010787622071802616
-0.12095275521278381
-0.08644383400678635
-0.09660840779542923
-0.11086271703243256
-0.18183483183383942
-0.13450179994106293
-0.2489452362060547
-0.2012878805398941
0.03388373181223869
0.02298150770366192
0.030703671276569366
-0.03278714418411255
0.01764044351875782
-0.05539606511592865
-0.08644123375415802
-0.08000610768795013
0.03694659471511841
-0.09824851155281067
-0.13503172993659973
-0.07864958792924881
-0.05202653631567955
-0.017774904146790504
0.0025607028510421515
-0.0643782988190651
-0.07909973710775375
-0.07567533105611801
0.09508772194385529
0.20255395770072937
0.12776826322078705
0.23056749999523163
0.34123727679252625
0.3627486526966095
0.1287015676498413
0.3172761797904968
0.26925376057624817
-0.05846292898058891
0.008237207308411598
0.02502768486738205
0.06515298783779144
0.04418320208787918
0.15500542521476746
0.08239107578992844
0.15667790174484253
0.21494604647159576
-0.11116155982017517
-0.07676941156387329
-0.04267003759741783
0.016741815954446793
-0.024490822106599808
0.07979217916727066
0.03828337416052818
0.012231898494064808
0.049517326056957245
-0.16183258593082428
-0.1974235326051712
-0.1083274781703949
-0.1721675843000412
-0.13780784606933594
-0.16353701055049896
-0.15223315358161926
-0.08802657574415207
-0.04895605891942978
-0.045368749648332596
0.039538584649562836
0.040409818291664124
-0.03934112563729286
0.0720071792602539
0.1067192554473877
0.002937896177172661
0.12082397937774658
0.1116512343287468
-0.043474383652210236
-0.015385235659778118
0.019314631819725037
-0.015073901042342186
0.014734974130988121
0.01606684736907482
-0.052698224782943726
-0.005549922585487366
0.09734087437391281
0.029808418825268745
0.0484660342335701
0.02961858920753002
0.11287397146224976
0.12296423316001892
0.14314328134059906
0.06548375636339188
0.1784587800502777
0.17899301648139954
0.04038629308342934
0.20279370248317719
0.17832016944885254
0.17039628326892853
0.17877604067325592
0.2543729543685913
0.1830415427684784
0.33443886041641235
0.317984402179718
-0.04641670361161232
-0.006046623922884464
0.01687520556151867
0.008967089466750622
0.016904952004551888
0.11543884128332138
0.023691682144999504
0.0342395156621933
0.10951061546802521
0.003121195128187537
-0.023496966809034348
-0.07300583273172379
-0.05385703220963478
-0.031254250556230545
-0.07704024016857147
-0.028013231232762337
-0.10527792572975159
-0.029918864369392395
0.5996773838996887
0.8744286894798279
0.49564027786254883
0.25927451252937317
0.03843573480844498
-0.26742711663246155
-0.4868498146533966
-0.9844052195549011
-1.1923813819885254
0.620871365070343
0.9759092926979065
0.7959936857223511
0.21930031478405
0.1011800616979599
-0.14169207215309143
-0.6091768145561218
-1.0280901193618774
-1.3813897371292114
0.017097407951951027
0.1577972024679184
0.1506890058517456
-0.07287246733903885
-0.1078517958521843
0.10691000521183014
-0.11937762796878815
-0.3322491943836212
-0.3036302328109741
0.07667610794305801
0.047325581312179565
0.0628805160522461
0.11998340487480164
-0.03054652363061905
0.09519278258085251
0.13698077201843262
0.11346890032291412
0.06549234688282013
0.048154838383197784
0.0399249792098999
0.07782340049743652
0.12463393807411194
0.0013939031632617116
0.023476246744394302
0.0941450372338295
-0.02054157853126526
-0.0033142033498734236
-0.10286562144756317
-0.2124149352312088
-0.1916642040014267
-0.21407251060009003
-0.18761830031871796
-0.32868966460227966
-0.1826293021440506
-0.27836284041404724
-0.25850725173950195
-0.08304255455732346
-0.023684896528720856
-0.07418575882911682
-0.04881693795323372
0.03658745065331459
0.03614851459860802
0.009067379869520664
0.032174475491046906
0.12012588232755661
-0.06337632238864899
0.01621069945394993
-0.003572976216673851
0.10400884598493576
0.12607404589653015
0.10652800649404526
0.09795952588319778
0.20856864750385284
0.24596059322357178
-0.02000349573791027
-0.017077013850212097
0.011950342915952206
0.02136894501745701
0.04247661679983139
0.08224799484014511
0.002432481851428747
0.10413765907287598
0.10994211584329605
0.01245457585901022
0.04558250308036804
0.042584095150232315
0.026573190465569496
-0.015177899040281773
0.05193311348557472
0.03881523385643959
0.05222087725996971
0.012661762535572052
0.13626599311828613
0.059637174010276794
0.08371377736330032
0.09829938411712646
0.09777888655662537
0.09737465530633926
0.11406253278255463
0.06179104000329971
0.14947299659252167
-0.06772720068693161
-0.20530447363853455
-0.22830145061016083
-0.20015659928321838
-0.15312764048576355
-0.26924818754196167
-0.2198798954486847
-0.2691027522087097
-0.25609537959098816
0.05180687829852104
0.05128755792975426
0.12859971821308136
-0.010474497452378273
0.050580453127622604
0.10700135678052902
0.03004993498325348
0.004201879724860191
0.026923147961497307
-0.09813988953828812
-0.3443305194377899
-0.29053089022636414
-0.23746827244758606
-0.4621560871601105
-0.3486829400062561
-0.21328489482402802
-0.36078885197639465
-0.35555848479270935
0.08610429614782333
0.08495324105024338
0.020716847851872444
0.08146189153194427
0.14323770999908447
0.19186942279338837
0.08369732648134232
0.15926101803779602
0.10850846767425537
0.005052665714174509
0.11787930130958557
0.1372068077325821
0.11054040491580963
0.18196997046470642
0.17955459654331207
0.04060960188508034
0.1662611961364746
0.2943786084651947
-0.07638954371213913
-0.15090006589889526
-0.024413349106907845
-0.02720903977751732
-0.1888248175382614
-0.14265863597393036
-0.06493700295686722
-0.028998900204896927
-0.03322143480181694
0.02716788649559021
0.06891524791717529
0.07001227885484695
0.11349280178546906
0.09930676966905594
0.083487868309021
0.05448780953884125
0.06286677718162537
0.1904614120721817
0.020817188546061516
0.06443546712398529
-0.03163156658411026
0.13024526834487915
0.15612682700157166
0.15380026400089264
0.06779714673757553
0.13951800763607025
0.12094086408615112
0.028960859403014183
0.008068258874118328
-0.0294482558965683
0.10094805806875229
0.04645305126905441
0.06507764011621475
0.08110164850950241
0.1261804699897766
0.09470167756080627
-0.0007887690444476902
-0.04469531774520874
-0.030269013717770576
0.04465046152472496
0.049281466752290726
0.00503053842112422
0.06831060349941254
0.023253928869962692
0.007447263691574335
0.04172445461153984
0.08443154394626617
0.023999979719519615
0.09642776101827621
-0.00685911113396287
0.2439603954553604
0.12063929438591003
0.19487234950065613
0.2670741081237793
-0.0858808308839798
-0.08581677079200745
-0.05800484120845795
-0.10854203253984451
-0.11133535206317902
-0.0846647396683693
-0.13113626837730408
-0.11568741500377655
-0.05018104612827301
-0.033661630004644394
-0.12039439380168915
-0.057511068880558014
-0.08611137419939041
-0.0772060751914978
-0.13231821358203888
-0.05752323940396309
-0.15653538703918457
-0.047880254685878754
0.08420228213071823
-0.04097619280219078
0.08337462693452835
-0.08584894239902496
-0.07798098027706146
-0.19838166236877441
-0.16145269572734833
-0.30071812868118286
-0.1904345452785492
0.1538154035806656
0.08226184546947479
0.15625697374343872
0.10313760489225388
0.0017140534473583102
0.18137389421463013
-0.008461139164865017
0.015528608113527298
0.08809371292591095
0.058294620364904404
0.10548659414052963
0.049915000796318054
0.1372985988855362
-0.08565458655357361
0.09567151963710785
0.07143334299325943
0.09662875533103943
0.10601945221424103
-0.007213430944830179
-0.18332858383655548
0.20148706436157227
-0.05917724221944809
-0.31013140082359314
0.3317009508609772
-0.11059289425611496
0.0034752017818391323
0.5168372392654419
0.18293175101280212
0.18250919878482819
-0.11494127660989761
0.05085131898522377
0.1954599767923355
0.06130443885922432
-0.16709983348846436
-0.23878106474876404
-0.10134406387805939
0.1110122948884964
-0.04938412085175514
-0.20808525383472443
0.2369900345802307
0.011212528683245182
-0.021627068519592285
0.13575780391693115
-0.005743702407926321
-0.04755610227584839
-0.09435634315013885
0.03306324779987335
-0.012361644767224789
-0.003252566559240222
0.0798816829919815
0.1127941906452179
0.0025133800227195024
0.13440033793449402
0.10770268738269806
-0.1256113350391388
-0.040094126015901566
-0.05235370993614197
0.02433369681239128
0.04957275092601776
0.08308617025613785
0.029818525537848473
0.1480059027671814
0.1850334107875824
-0.014151450246572495
0.0035307235084474087
0.02505449764430523
0.026537079364061356
0.05920473486185074
0.1770339012145996
0.13382001221179962
0.14051522314548492
0.23038330674171448
-0.050961583852767944
-0.05104229226708412
0.018125582486391068
-0.07644981890916824
-0.08126550167798996
-0.0879257395863533
-0.005339326802641153
-0.06637721508741379
-0.0742967277765274
-0.004679559264332056
-0.07647447288036346
-0.0851810947060585
-0.03700968995690346
-0.019214875996112823
-0.05732069909572601
-0.005173990968614817
-0.019529614597558975
-0.009424613788723946
-0.055056970566511154
-0.07731755822896957
-0.09111608564853668
-0.12259267270565033
-0.09869417548179626
-0.10380065441131592
-0.03224629536271095
-0.13936568796634674
-0.1055343970656395
-0.09997737407684326
0.06830943375825882
0.35768890380859375
-0.29057133197784424
-0.15975503623485565
0.4888717830181122
-0.5103777647018433
-0.273305743932724
0.2537260353565216
-0.09501268714666367
0.3335414528846741
0.8099247217178345
-0.41566866636276245
-0.07124358415603638
0.49859967827796936
-0.8787643909454346
-0.4812464118003845
0.02569119818508625
0.2483968883752823
0.13506187498569489
0.28614914417266846
-0.11087372899055481
-0.09235885739326477
0.0814799889922142
-0.2709178924560547
-0.36612528562545776
-0.12476027756929398
-0.004372763447463512
-0.09058564901351929
-0.05977194011211395
-0.09039902687072754
-0.15442754328250885
-0.08988779783248901
-0.04846993833780289
-0.08685185015201569
-0.0697426125407219
0.07865671813488007
-0.002135026268661022
-0.016225498169660568
-0.026575641706585884
-0.07012823969125748
-0.06061698496341705
-0.003084293333813548
-0.046193744987249374
0.003893376560881734
-0.038072582334280014
-0.02572387270629406
-0.09607534110546112
-0.07093513011932373
-0.04746681824326515
-0.05415167659521103
-0.10092055797576904
-0.11001545935869217
-0.10075876116752625
-0.53179931640625
-0.17151854932308197
-0.07333884388208389
-0.29361429810523987
0.7898849248886108
0.1726185530424118
-0.2643304467201233
0.15986472368240356
-0.19185742735862732
0.17156438529491425
0.1831749528646469
-0.6639916896820068
0.4967937767505646
0.6191633939743042
-0.318654328584671
-0.20177698135375977
-0.0369865708053112
-0.5322879552841187
-0.18153584003448486
-0.0007132564205676317
-0.18936586380004883
-0.14874796569347382
0.5439898371696472
0.03844696655869484
-0.35344037413597107
0.017850792035460472
-0.09109992533922195
0.13550394773483276
0.1377469152212143
0.20637813210487366
0.15008172392845154
0.08383408188819885
0.1870679408311844
0.19440099596977234
0.21329788863658905
0.20178282260894775
0.040291450917720795
0.021446367725729942
0.027182715013623238
-0.011938758194446564
-0.029417378827929497
5.8861922298092395e-05
-0.042136598378419876
-0.07094111293554306
0.011671444401144981
-0.046287186443805695
-0.06198330596089363
-0.08581824600696564
-0.05061347782611847
-0.04826134443283081
-0.09927939623594284
-0.04436320438981056
-0.1383061408996582
-0.14949074387550354
0.0291324220597744
-0.10239003598690033
-0.11031879484653473
-0.08324599266052246
-0.06327106803655624
-0.11842074245214462
-0.07076289504766464
-0.1236627921462059
-0.23764686286449432
0.03769391402602196
-0.028233664110302925
-0.046438068151474
0.06457294523715973
0.06225241348147392
-0.088922418653965
0.005803034640848637
-0.05570067837834358
-0.1437513679265976
0.05983712524175644
0.11922292411327362
0.07565135508775711
0.15376389026641846
0.11561860889196396
0.037055809050798416
0.10568803548812866
0.13507309556007385
0.013466860167682171
0.039405956864356995
-0.0011742690112441778
0.04085133969783783
-0.06959442049264908
-0.0591500923037529
-0.09056343883275986
-0.061088476330041885
-0.06539010256528854
-0.026780996471643448
0.0743132159113884
0.219569593667984
0.1883402019739151
0.14332446455955505
0.2755538523197174
0.23200421035289764
-0.04155172035098076
0.1029069721698761
0.12661674618721008
0.012450038455426693
0.04269931837916374
0.04460935294628143
0.02272048220038414
0.012788493186235428
0.05545494332909584
0.028183715417981148
-0.07589288055896759
-0.03354967385530472
-0.04713011905550957
-0.13854022324085236
-0.07554855197668076
-0.19732913374900818
-0.31620779633522034
-0.199406698346138
-0.12251387536525726
-0.3442159593105316
-0.20677855610847473
0.018868179991841316
0.22712214291095734
0.1727619469165802
0.29420986771583557
0.3139682710170746
0.25910940766334534
0.2163696587085724
0.3273116946220398
0.24468567967414856
0.04407887160778046
-0.15025198459625244
-0.06775298714637756
-0.161878302693367
-0.21315310895442963
-0.32103800773620605
-0.12020755559206009
-0.25210949778556824
-0.2769354581832886
0.0718112364411354
0.0028295910451561213
-0.010250688530504704
0.07586292177438736
-0.03504683077335358
-0.037350237369537354
0.018414048478007317
-0.03087526001036167
-0.0411420576274395
0.11046148091554642
0.07231379300355911
0.06603623926639557
0.032035473734140396
-0.009999041445553303
0.03589671850204468
0.0258271973580122
0.03308161348104477
0.0809498131275177
-0.14379093050956726
-0.19225099682807922
-0.18137511610984802
-0.10286705195903778
-0.15336918830871582
-0.24053198099136353
-0.13888026773929596
-0.2151504009962082
-0.24950097501277924
0.100125752389431
0.15970663726329803
0.10278889536857605
0.15756955742835999
0.17544782161712646
0.29975441098213196
0.12052495777606964
0.28963953256607056
0.28301987051963806
-0.14588983356952667
-0.08487468957901001
-0.11522062867879868
-0.09052138030529022
-0.1241394653916359
-0.12553878128528595
-0.0725775733590126
-0.0862012580037117
-0.01889575645327568
0.05095101147890091
0.06377241015434265
0.03374393284320831
0.027107086032629013
0.07156863063573837
0.02829422801733017
0.06477813422679901
0.009154961444437504
0.049991708248853683
-0.07805347442626953
-0.1564577966928482
-0.2579783797264099
-0.2166176438331604
-0.3004673719406128
-0.46245747804641724
-0.20473530888557434
-0.3991739749908447
-0.46408742666244507
0.0017786553362384439
0.16593186557292938
0.08271336555480957
0.19574394822120667
0.3960694968700409
0.21531489491462708
0.1399230808019638
0.3445342481136322
0.26956674456596375
-0.04730207845568657
-0.07555568218231201
-0.09067440032958984
-0.037263885140419006
-0.11183328926563263
-0.20378628373146057
-0.017303911969065666
-0.048515014350414276
-0.18288572132587433
0.031079160049557686
0.06009749323129654
0.01605944149196148
0.055759139358997345
0.015313738957047462
0.020437026396393776
0.035364966839551926
0.00866113230586052
0.018969126045703888
-0.10125464200973511
-0.23006996512413025
-0.17214491963386536
-0.23309433460235596
-0.14759333431720734
-0.23447711765766144
-0.12809482216835022
-0.23648326098918915
-0.22264300286769867
0.09502673894166946
0.02731686644256115
0.05271395668387413
0.03474622964859009
-0.06753849238157272
0.014538450166583061
0.02243119478225708
-0.03798576444387436
0.033417634665966034
0.48908498883247375
0.0698070153594017
-0.5067772269248962
0.7808617353439331
0.063482366502285
-0.7389496564865112
0.6113691926002502
0.19552302360534668
-0.46977952122688293
0.7614378333091736
-0.01231114286929369
-0.996124267578125
0.9465675354003906
0.1570102572441101
-1.131348967552185
1.0664600133895874
0.3299531638622284
-0.7129793167114258
0.3778204321861267
0.1434982866048813
-0.2400091290473938
0.4330333471298218
-0.002854288322851062
-0.40929996967315674
0.3594697415828705
0.07916488498449326
-0.3283647298812866
-0.040491122752428055
-0.11006692051887512
-0.005978792905807495
-0.09383228421211243
-0.02727114036679268
0.009564531035721302
-0.03962108492851257
-0.04851991683244705
-0.01848764158785343
-0.19637581706047058
-0.21750636398792267
-0.11406584084033966
-0.2105591595172882
-0.07885606586933136
-0.17060784995555878
-0.18189068138599396
-0.1815413534641266
-0.21145384013652802
0.04340403154492378
0.057754963636398315
0.08269232511520386
0.08835606276988983
0.12877248227596283
0.20236779749393463
0.07531526684761047
0.1339510828256607
0.11291741579771042
-0.03569641709327698
-0.020490257069468498
-0.033519208431243896
-0.07415606081485748
-0.1080109030008316
-0.09572717547416687
-0.03815201297402382
-0.13547293841838837
-0.13595661520957947
0.017435746267437935
-0.053057678043842316
-0.053166817873716354
-0.042663563042879105
-0.05095204710960388
-0.06957356631755829
-0.05798867344856262
-0.053361013531684875
-0.09036454558372498
-0.013670487329363823
-0.07114624977111816
-0.08741836249828339
-0.03143534064292908
-0.09745680540800095
-0.13664637506008148
-0.04238384962081909
-0.10175656527280807
-0.06908325850963593
0.008856476284563541
-0.05203305557370186
-0.028464481234550476
-0.0333104133605957
-0.031709544360637665
-0.13493746519088745
-0.04305944964289665
-0.05423716455698013
-0.11714861541986465
-0.07194802910089493
-0.06942278146743774
-0.14241527020931244
-0.08363313227891922
-0.14236211776733398
-0.09466811269521713
-0.1431197077035904
-0.10917495936155319
-0.18560834228992462
0.01879660040140152
0.020938344299793243
0.04902026802301407
-0.03682398051023483
-0.04023408144712448
0.008918153122067451
-0.005569574888795614
-0.03168230131268501
-0.09058018028736115
-0.013698509894311428
-0.05596444383263588
0.017599107697606087
-0.00778675964102149
-0.11077816039323807
-0.0472254753112793
-0.02061685360968113
-0.060634806752204895
-0.0730176568031311
-0.022097323089838028
-0.02504849247634411
-0.08288783580064774
-0.09334919601678848
-0.08476404845714569
-0.08395439386367798
-0.020067008212208748
-0.08118338137865067
-0.07613138854503632
-0.019399061799049377
-0.05557292699813843
-0.06431184709072113
-0.012459935620427132
-0.1321297436952591
-0.13958103954792023
-0.08725567162036896
-0.11919714510440826
-0.06263798475265503
0.18893609941005707
0.12205646932125092
0.19883666932582855
0.2127247154712677
0.10296101868152618
0.2488286942243576
0.1858932375907898
0.17600467801094055
0.26544469594955444
-0.04661158472299576
-0.036637209355831146
-0.05134521424770355
-0.027558699250221252
-0.0465037040412426
-0.01967477612197399
-0.09025333821773529
-0.10180014371871948
-0.06554876267910004
-0.13603416085243225
-0.1278877854347229
-0.17945849895477295
-0.2016770988702774
-0.16851788759231567
-0.27323248982429504
-0.15874053537845612
-0.29364433884620667
-0.2942741811275482
-0.09968069195747375
-0.021238582208752632
-0.009720006957650185
-0.03829192370176315
-0.0035090153105556965
0.06412874162197113
0.018893424421548843
0.014508950524032116
0.04368231073021889
-0.019676849246025085
0.12363142520189285
0.03379729390144348
0.17470885813236237
0.25031358003616333
0.21825814247131348
0.18330375850200653
0.33891138434410095
0.23175057768821716
-0.05663727596402168
-0.004308610688894987
-0.058012135326862335
-0.02334715612232685
-0.04284654185175896
0.012279035523533821
-0.05577206611633301
-0.06422603130340576
0.03471614420413971
-0.06177092716097832
-0.06355112046003342
-0.054497722536325455
-0.08869864046573639
-0.0016887469682842493
-0.008767984807491302
0.01790250837802887
0.028381550684571266
0.07128901034593582
-0.013688473030924797
0.04917020723223686
-0.03635495901107788
0.04687727987766266
0.0592612586915493
0.12342678755521774
-0.025465330109000206
0.12627553939819336
0.16921839118003845
-0.09291236847639084
0.04444804787635803
0.08569437265396118
0.00030628626700490713
0.0998469889163971
0.1598362922668457
0.08263089507818222
0.19071504473686218
0.21741843223571777
-0.05992517247796059
-0.010555819608271122
-0.010381759144365788
-0.03563123568892479
0.037007953971624374
0.08111966401338577
-0.015924349427223206
0.13034017384052277
0.11906071752309799
0.06240442395210266
0.16309112310409546
0.091342493891716
0.13845035433769226
0.16958902776241302
0.24652990698814392
0.13367417454719543
0.19319996237754822
0.2407868355512619
-0.08371636271476746
-0.0534149706363678
-0.07319182902574539
-0.016137059777975082
0.040804389864206314
0.003218008205294609
-0.050065234303474426
-0.020932473242282867
0.014088023453950882