-0.31978005170822144
-0.24965552985668182
-0.2880748510360718
-0.26156967878341675
-0.003637990215793252
0.08516914397478104
-0.4464077949523926
-0.3233543932437897
-0.41560786962509155
-0.01381719671189785
0.20060153305530548
0.04664088413119316
0.25970467925071716
-0.23135119676589966
0.701877236366272
-0.44808414578437805
-0.7264710068702698
-0.35402119159698486
-0.3893307149410248
0.0104662561789155
-0.40607544779777527
0.15212421119213104
-0.9634417295455933
-0.1422884464263916
-0.21414826810359955
-0.030407242476940155
0.06750491261482239
0.07184258848428726
0.022435175254940987
0.3457881212234497
-0.49702614545822144
0.22622911632061005
0.7716278433799744
-0.017002226784825325
-0.1650339663028717
-0.1593703329563141
-0.21386148035526276
-0.13542136549949646
0.30561667680740356
0.6016943454742432
0.8023754954338074
0.4927518665790558
0.122383251786232
0.04033297672867775
0.15470078587532043
0.8135749697685242
0.062018923461437225
-0.27107173204421997
0.5814764499664307
0.5455342531204224
0.5677473545074463
0.015968069434165955
0.011817947961390018
-0.1938774436712265
0.05902276560664177
0.17445097863674164
0.05932898819446564
-0.1646527349948883
0.10632124543190002
-0.054830554872751236
0.34173181653022766
-0.628852128982544
0.7345749735832214
-0.2909284234046936
-0.43317294120788574
-0.3067072033882141
0.05089465156197548
0.08888700604438782
0.10783713310956955
0.20046503841876984
0.09825421124696732
-0.1278509944677353
-0.6868648529052734
-0.04851417988538742
-0.23252835869789124
-0.24441921710968018
0.21744196116924286
-0.12195943295955658
0.1169205978512764
-0.09390334039926529
0.057298868894577026
0.18977242708206177
0.05714428797364235
0.037225138396024704
0.18456631898880005
0.027075976133346558
-0.17847378551959991
0.0107351616024971
0.05666530132293701
0.10763564705848694
0.5524899363517761
-0.11705426126718521
0.35841143131256104
0.17944785952568054
-0.20481067895889282
-0.3149225115776062
-0.0811050683259964
0.2521554231643677
0.6364876627922058
0.09083517640829086
0.1890362650156021
0.0161368977278471
0.3241802453994751
0.7605921626091003
-0.19568940997123718
-0.049316417425870895
-0.06825235486030579
-0.1575893610715866
0.03852291405200958
-0.10785800963640213
0.055670496076345444
-0.2974584400653839
1.2271019220352173
-0.19060061872005463
0.20093132555484772
-0.532018780708313
-0.3516250252723694
-0.48194873332977295
-0.45444780588150024
-0.5466470718383789
-0.03311064466834068
-0.08734212815761566
-0.056145019829273224
-0.24872037768363953
-0.05860106647014618
-0.12444601207971573
-0.10159327834844589
-0.14701896905899048
-0.02564818412065506
-0.12368384003639221
-0.16474848985671997
-0.0977296307682991
0.24205446243286133
-0.029710635542869568
-0.16711099445819855
0.024417225271463394
0.15243443846702576
-0.07705916464328766
0.058982353657484055
0.16699516773223877
0.09537195414304733
-0.032302308827638626
-0.13304327428340912
-0.13926628232002258