0.7108325362205505
-0.3129611313343048
0.6588062047958374
0.024198835715651512
0.2846282124519348
-0.3459315598011017
0.4047193229198456
0.7077232003211975
-0.8893436789512634
0.29874852299690247
0.5387983322143555
-0.053621601313352585
-0.003086752723902464
0.3056337833404541
0.03997234255075455
0.7452447414398193
0.7949364185333252
-0.1259470283985138
-0.04175762087106705
0.7957993149757385
0.8697995543479919
0.7614541053771973
0.3056817650794983
0.4326828718185425
0.9450222849845886
-0.6282391548156738
0.13099496066570282
0.10621826350688934
0.20122849941253662
0.08676256239414215
0.1987968534231186
0.5784450173377991
0.42500635981559753
0.27740079164505005
0.8930690884590149
-0.3773168921470642
0.06294913589954376
0.714157223701477
1.2663629055023193
0.8716545104980469
0.30103349685668945
-0.24981245398521423
0.3152911067008972
0.05231038108468056
0.3302004039287567
0.4393855333328247
0.5762598514556885
-0.28120797872543335