-0.1268613487482071
0.025960590690374374
-0.03762408345937729
0.1614602953195572
0.0533108226954937
-0.0420125313103199
0.022943885996937752
-0.04486934095621109
0.0421600267291069
0.10043550282716751
0.17952504754066467
-0.051695022732019424
0.05534973740577698
0.07657097280025482
0.036350395530462265
-0.04746788740158081
0.1552872359752655
-0.014072549529373646
0.021518029272556305
0.013267920352518559
0.10953953862190247
-0.048174429684877396
0.012254311703145504
0.0475650429725647
-0.07955209910869598
-0.040524497628211975
0.03582655265927315
-0.038863807916641235
0.10747215896844864
-0.030554091557860374
0.12501567602157593
-0.11535761505365372
0.07972971349954605
-0.032484278082847595
0.0686340183019638
-0.03688856586813927
-0.05235418677330017
0.12204049527645111
-0.01482309028506279
-0.18436215817928314
0.03092043846845627
-0.031814880669116974
-0.031988974660634995
-0.05129905045032501
-0.032179467380046844
-0.052152249962091446
0.02332226186990738
0.009287870489060879