0.8475147485733032
0.9301809668540955
1.0210434198379517
0.7309553027153015
0.7362982630729675
2.1344997882843018
0.7318320870399475
1.0396567583084106
0.9822863936424255
0.5943752527236938
1.1215535402297974
0.9897621273994446
0.8125285506248474
2.0388214588165283
0.8372467160224915
1.1332473754882812
1.257148027420044
0.8405188918113708
0.7855474352836609
0.5897445678710938
0.9221012592315674
0.9076526761054993
0.6968571543693542
0.5865629315376282
0.9531893134117126
0.8729562163352966
0.6688406467437744
0.8064982891082764
0.6709597110748291
0.627336323261261
0.6457496285438538
0.585016667842865
0.601193904876709
0.8221364617347717
1.026925802230835
0.8755189776420593
0.7573660612106323
1.1547796726226807
0.8393569588661194
1.3593072891235352
0.7721396088600159
1.1685762405395508
0.8843806385993958
1.0512136220932007
0.77134770154953
0.6018576622009277
0.8865344524383545
1.0064820051193237