0.48627933859825134
1.4145063161849976
0.7303575277328491
1.3784459829330444
0.5421843528747559
1.280985713005066
0.3003157675266266
1.3585697412490845
1.6126656532287598
1.010183572769165
2.419977903366089
1.818856954574585
0.8823302388191223
2.2082042694091797
1.778156042098999
2.6159253120422363
1.7371851205825806
1.4421840906143188
1.660051703453064
1.1230790615081787
0.6298244595527649
0.5557844638824463
1.6775894165039062
1.154455304145813
2.003145694732666
0.6596288084983826
1.277145504951477
1.786025047302246
1.3145067691802979
1.5766212940216064
0.11543061584234238
1.2181569337844849
0.3417855501174927
1.6513309478759766
2.3230690956115723
1.6278700828552246
1.400643229484558
0.771791398525238
2.4462647438049316
0.8558531999588013
1.6119633913040161
1.8934662342071533
1.775793194770813
1.9374563694000244
1.330535650253296
1.2273650169372559
1.9085984230041504
1.8595046997070312