-0.5475292205810547
-0.12173581123352051
0.09778650104999542
0.9359713792800903
0.9071862101554871
-0.05268796533346176
-0.0002949237823486328
0.3528725206851959
0.030068904161453247
-0.38459593057632446
0.4951728880405426
-0.3835866451263428
0.13439339399337769
-0.1926518678665161
0.02740354835987091
0.08689926564693451
1.2777462005615234
0.6090017557144165
0.010072551667690277
0.7095402479171753
0.4413631558418274
-0.3231689929962158
-0.032486554235219955
0.059192903339862823
0.3388713598251343
-0.6154127717018127
0.011980272829532623
0.04120966047048569
0.8460747003555298
-0.14076301455497742
-0.3409813344478607
0.19278346002101898
-0.19084352254867554
-0.20215867459774017
0.7899853587150574
0.5084330439567566
0.08884953707456589
0.7182360887527466
0.028737785294651985
1.4918338060379028
0.08048631995916367
0.16264593601226807
-0.007288690656423569
0.04374447092413902
0.7439675331115723
0.11692014336585999
0.01349785178899765
0.11819124221801758