0.020334381610155106
-0.11208425462245941
-0.2537878751754761
-0.19179068505764008
-0.4444200396537781
-0.0293672326952219
0.28069305419921875
0.3869777023792267
0.3715952932834625
-0.7094861268997192
-0.5572519302368164
-0.2790367901325226
-0.5279273390769958
-0.26608729362487793
0.3246971666812897
0.1779513657093048
0.8655749559402466
1.1249864101409912
-0.442531555891037
-0.29503434896469116
-0.04331957921385765
-0.4623958170413971
-0.32407936453819275
0.4436914622783661
-0.052338965237140656
0.5329144597053528
0.6295509934425354
-0.04345402866601944
-0.08341488242149353
-0.07222263514995575
-0.09379732608795166
-0.2722834646701813
-0.1268862634897232
-0.08240985125303268
-0.13472823798656464
-0.1319410353899002
0.012501043267548084
0.0009583889623172581
0.020714046433568
0.009036267176270485
-0.017834670841693878
-0.015048093162477016
0.018315931782126427
-0.01701236516237259
-0.0051882024854421616
0.05504724010825157
0.046764545142650604
0.04824526235461235
0.03258436545729637
0.06129330396652222
0.03080887719988823
0.046138420701026917
0.024764137342572212
0.021873129531741142
0.6266026496887207
0.6215136647224426
0.5809133052825928
0.03175806999206543
-0.5810424089431763
0.017374448478221893
-0.3800240755081177
-0.6238117218017578
-0.38095372915267944
0.6056180596351624
0.9142618775367737
0.6442092061042786
0.15276309847831726
-0.2122633159160614
-0.008943588472902775
-0.5459977984428406
-0.7926387190818787
-0.7303938865661621
0.1702088862657547
0.5375389456748962
0.6102681159973145
-0.22604042291641235
-0.4857844114303589
0.1357470452785492
-0.3590075671672821
-0.33996930718421936
-0.11696327477693558
-0.00959160178899765
-0.004140530712902546
-0.005987448152154684
0.002726268721744418
0.011441187933087349
0.013236792758107185
0.004188974853605032
0.014323676005005836
0.015821365639567375
0.025308875367045403
0.0410783514380455
0.031716927886009216
0.04459412768483162
0.1780250519514084
0.059826795011758804
0.0330137200653553
0.06557309627532959
0.046877071261405945
-0.00885094329714775
0.009100274182856083
0.002902408828958869
0.004995021503418684
0.04931662231683731
0.010034364648163319
-0.005097909364849329
0.014067310839891434
0.01479415688663721
0.03320591151714325
0.04732974246144295
0.04360068589448929
0.05185961723327637
0.28840792179107666
0.009775502607226372
-0.007740868721157312
-0.09242125600576401
-0.08015093952417374
-0.007694096304476261
-0.07693562656641006
-0.02915315516293049
-0.10629544407129288
-0.43105289340019226
-0.1874009072780609
-0.11814060807228088
-0.29896077513694763
-0.22415824234485626
-0.013874799944460392
0.020600879564881325
0.05591403320431709
0.024595754221081734
0.8550227880477905
0.11230819672346115
0.007124676834791899
0.011365105397999287
0.04070214927196503
-0.3360046148300171
-0.4526210129261017
1.5305233001708984
-0.12911245226860046
-3.546525239944458
0.44497257471084595
1.8005504608154297
0.13565140962600708
0.4410959482192993
1.1809465885162354
-0.531506359577179
1.4873430728912354
0.2698564827442169
-5.760282039642334
0.4317472577095032
1.5098028182983398
-0.34342628717422485
1.6330488920211792
0.5227845907211304
0.6866260766983032
0.6606243252754211
0.9137190580368042
-2.1081912517547607
-0.1664106398820877
0.6550599932670593
-1.0167688131332397
0.05762201175093651
0.12732160091400146
-0.022068357095122337
0.20622676610946655
-0.19242364168167114
-0.8959325551986694
0.4701800048351288
-0.24343883991241455
-0.07398683577775955
0.6376707553863525
-0.6637322902679443
0.19577112793922424
0.4299485385417938
-0.5905924439430237
0.4304404556751251
1.2632044553756714
-0.8950865864753723
0.013188526965677738
0.23927772045135498
0.09378542751073837
-0.19257889688014984
0.035086702555418015
0.0493011549115181
-0.6673275232315063
0.075811006128788
0.21163320541381836
0.06645267456769943
-0.0514354407787323
0.04295548424124718
0.19592848420143127
0.16081078350543976
0.138771653175354
0.2758895456790924
0.2615150809288025
0.090992771089077
0.1961774080991745
0.18606522679328918
-0.09964853525161743
-0.11348595470190048
-0.06489068269729614
-0.17244790494441986
-1.1346005201339722
-0.20126157999038696
-0.11090510338544846
-0.20791245996952057
-0.15109799802303314
-0.0044740717858076096
0.057245753705501556
0.0930037647485733
0.026677943766117096
-0.04918810352683067
0.16969603300094604
0.09288422018289566
0.1357898861169815
0.14883163571357727
-0.027042143046855927
-0.07455474138259888
-0.04474857077002525
-0.08517087996006012
-0.2650878429412842
-0.10316869616508484
-0.05410755053162575
-0.11991549283266068
-0.11655884236097336
0.03009546920657158
-0.007328088860958815
0.014922219328582287
0.001631787046790123
-0.05155545100569725
-0.015902865678071976
0.03132367879152298
-0.006787172053009272
0.006909672170877457
0.03892417252063751
0.0020414344035089016
0.01792840287089348
-0.004317294340580702
0.01720377430319786
-0.013855460099875927
0.008166132494807243
-0.012165315449237823
-0.015272511169314384
-0.01695694960653782
-0.01794300600886345
-0.032254066318273544
-0.031109709292650223
0.03269284591078758
-0.04346706345677376
-0.0380806066095829
-0.05607721582055092
-0.051298871636390686
-0.05636531859636307
-0.08249666541814804
-0.07975349575281143
-0.08525466173887253
-0.057764604687690735
-0.0884043425321579
-0.07875454425811768
-0.09613405913114548
-0.09503691643476486
0.057939402759075165
0.08875816315412521
0.07831060141324997
0.07229841500520706
0.24611054360866547
0.10365603864192963
0.05764297395944595
0.10673180222511292
0.10253109782934189
-0.0634412094950676
-0.09661727398633957
-0.08600832521915436
-0.11061862111091614
-0.4659059941768646
-0.148158460855484
-0.08794782310724258
-0.14739832282066345
-0.1315314918756485
0.004813727457076311
-0.0019791219383478165
0.007067049853503704
-0.018783288076519966
0.16771839559078217
0.00678966473788023
0.010877364315092564
0.005157791078090668
0.02214270643889904
0.03560084104537964
0.054634857922792435
0.04984455928206444
0.040953125804662704
0.6150615811347961
0.10035234689712524
0.03684402257204056
0.088809534907341
0.11384040862321854
0.004815330728888512
-0.00408241618424654
-0.0085917878895998
-0.007617288269102573
-0.032162707298994064
-0.024981291964650154
0.0030651562847197056
-0.013851349242031574
-0.02868279069662094
-0.0054830522276461124
-0.029265310615301132
-0.02659357525408268
-0.022598622366786003
-0.1605360358953476
-0.048690203577280045
-0.019728884100914
-0.04658220335841179
-0.048758190125226974
0.007451982703059912
-0.02536897547543049
-0.02329898253083229
-0.016993338242173195
-0.14454734325408936
-0.04983094334602356
-0.020584382116794586
-0.05584283918142319
-0.05417916923761368
-0.007138138171285391
-0.0110365254804492
0.008701345883309841
-0.01509971171617508
-0.18654707074165344
-0.01387293916195631
-0.013597765006124973
-0.02438332885503769
0.0049470216035842896
-0.009006060659885406
-0.014522185549139977
0.0003397766558919102
-0.006512295920401812
-0.11237123608589172
0.008841754868626595
0.007788171526044607
0.004762252327054739
0.014310454949736595
0.03274979069828987
0.053478412330150604
0.03648131713271141
0.06466157734394073
0.3539631962776184
0.11200295388698578
0.044459324330091476
0.1091870591044426
0.10520055145025253
-1.595412015914917
0.1463753879070282
-0.5652123689651489
-0.34689217805862427
4.137198448181152
-0.11798664182424545
-0.5223252773284912
0.2127491533756256
-1.2945629358291626
-1.6774625778198242
0.3027935326099396
-1.164031744003296
-0.3986557126045227
5.074319362640381
-0.06849382817745209
-1.0710070133209229
0.34679320454597473
-1.451366901397705
-0.20963846147060394
0.6616550087928772
-0.6149559617042542
-0.06887529790401459
2.0854647159576416
-0.5176265239715576
-0.6772721409797668
0.05852815508842468
-0.6513776183128357
-0.001658471766859293
0.01590537279844284
0.027698688209056854
0.018168611451983452
0.11141419410705566
0.061061251908540726
0.0330900102853775
0.05976885184645653
0.0671340674161911
-0.01289548259228468
-0.004254309460520744
0.0016343739116564393
-0.003966089803725481
0.045986320823431015
0.015094749629497528
-0.007737439591437578
0.012900120578706264
0.02923167683184147
0.003172448603436351
0.011367544531822205
0.005751071032136679
0.02428114227950573
0.13376209139823914
0.04117254912853241
0.0019783221650868654
0.046147480607032776
0.04517143964767456
0.04361686855554581
0.08540650457143784
0.10026859492063522
0.09013353288173676
0.6339037418365479
0.13657398521900177
0.08433426171541214
0.13128991425037384
0.13035185635089874
-0.025173092260956764
-0.037342507392168045
-0.023446684703230858
-0.05192964896559715
-0.00544834416359663
-0.04337568208575249
-0.03075634129345417
-0.07280491292476654
-0.04488685354590416
-0.017957210540771484
-0.07478343695402145
-0.07836658507585526
-0.08564827591180801
-0.2672560513019562
-0.14993509650230408
-0.07892858237028122
-0.1580686867237091
-0.14872880280017853
0.5646632313728333
0.7175403833389282
-0.002024875022470951
0.7721954584121704
0.9220411777496338
-0.5789127349853516
-0.24697990715503693
-0.7493640184402466
-1.3440406322479248
1.0089008808135986
0.8807573914527893
0.016713421791791916
0.8063973784446716
0.7813361287117004
-0.671718418598175
-0.17289936542510986
-0.8695301413536072
-1.6972016096115112
0.10894230008125305
0.21129737794399261
-0.0579523891210556
0.29404300451278687
0.7337321639060974
-0.3048744201660156
0.13407431542873383
-0.30454084277153015
-0.7654973268508911
0.00781284086406231
-0.002706821309402585
0.0029346926603466272
-0.0028925978112965822
-0.01308304164558649
-0.009360882453620434
0.0010708542540669441
-0.01270713284611702
-0.020288627594709396
0.005776701960712671
-7.179874501161976e-06
0.0059967488050460815
0.004911753814667463
0.0010868686949834228
-0.016875363886356354
0.0032176312524825335
-0.02124497853219509
-0.024468939751386642
-0.011839466169476509
-0.04720931500196457
-0.04232310876250267
-0.05825365334749222
-0.17945456504821777
-0.08944934606552124
-0.05029870197176933
-0.08208087831735611
-0.0803396925330162
-0.011886087246239185
-0.0016921176575124264
0.0019487502286210656
0.005750888492912054
0.06409397721290588
0.0301706213504076
0.019086714833974838
0.02446974813938141
0.041850294917821884
0.010767952539026737
0.01771274395287037
0.012941879220306873
0.04346252232789993
0.15485914051532745
0.04960382729768753
0.03508111089468002
0.06089190021157265
0.05271492525935173
-0.006766573525965214
-0.008287636563181877
-0.004894959274679422
0.011930945329368114
0.057085949927568436
0.0243441853672266
-0.009546119719743729
0.024449922144412994
0.020954083651304245
-0.026527205482125282
-0.04254690930247307
-0.042349301278591156
-0.047121912240982056
-0.12343599647283554
-0.058201201260089874
-0.03692764416337013
-0.05900553613901138
-0.058568764477968216
0.014598062261939049
-0.0063680000603199005
0.005624407436698675
0.009148472920060158
0.07261242717504501
-0.006555475294589996
0.022196266800165176
0.0022405083291232586
0.012008129619061947
0.01008602324873209
-0.012617629021406174
-0.010789659805595875
-0.02176782302558422
-0.05230964347720146
-0.02195320464670658
-0.013167062774300575
-0.02558462880551815
-0.017271501943469048
-0.003463468048721552
0.019471095874905586
0.006487431935966015
-0.0026764399372041225
0.4478064179420471
0.01123929861932993
0.00810173712670803
0.029004298150539398
0.012044212780892849
-0.0636977106332779
-0.14406737685203552
-0.12352530658245087
-0.12851117551326752
-0.9693095088005066
-0.1717611849308014
-0.08613847196102142
-0.15879419445991516
-0.1304180920124054
-0.006513868924230337
0.026833724230527878
0.011653224006295204
0.01345429290086031
0.9318575263023376
0.07483098655939102
0.04488450288772583
0.08400257676839828
0.07694102823734283
-0.05071469023823738
0.29417580366134644
0.6661662459373474
-0.42678236961364746
-0.28636014461517334
0.5834885835647583
-0.7295508980751038
-0.36987441778182983
0.31787848472595215
-0.19193528592586517
0.12224879860877991
1.0375165939331055
-0.5952290892601013
-0.7192761301994324
0.5708825588226318
-0.5484903454780579
-0.34367668628692627
0.5767451524734497
-0.4696178138256073
-0.12389014661312103
0.11783931404352188
-0.48382624983787537
-0.37395140528678894
0.6690825819969177
-0.18323683738708496
0.1612376868724823
0.6378520131111145
0.001180047751404345
0.0033108945935964584
0.004230216145515442
0.01892133802175522
0.05114017799496651
0.03379586711525917
0.015644453465938568
0.023796752095222473
0.031934842467308044
0.012581467628479004
0.0053537096828222275
-0.004262203350663185
0.01689474657177925
0.06217644736170769
0.016111617907881737
0.011313287541270256
0.01857193373143673
0.012416104786098003
0.027119887992739677
0.0118913808837533
0.022265508770942688
0.03419531136751175
0.09006987512111664
0.03491183742880821
0.0272634569555521
0.03149273619055748
0.03170133754611015
0.021668238565325737
0.031099017709493637
0.022190788760781288
0.02445731870830059
0.11472717672586441
0.05028818920254707
0.021432552486658096
0.034269362688064575
0.040025968104600906
0.010112114250659943
0.015998119488358498
0.01931787095963955
0.004498941823840141
0.06290671974420547
0.011608036234974861
0.007765351328998804
0.003753387602046132
0.007609728258103132
-0.04508596658706665
-0.07708608359098434
-0.06930717080831528
-0.07772921025753021
-0.1146124005317688
-0.10616506636142731
-0.06763838976621628
-0.10465626418590546
-0.0977441668510437
-0.025782916694879532
-0.10837128013372421
-0.06655612587928772
-0.11055642366409302
-0.5484051704406738
-0.21510112285614014
-0.09003898501396179
-0.24437737464904785
-0.17643527686595917
0.06688156723976135
0.1296379566192627
0.19934989511966705
0.12003923952579498
0.08413588255643845
0.31143778562545776
0.07194314152002335
0.18183057010173798
0.23624718189239502
-0.027689069509506226
0.017698198556900024
0.01438929233700037
-0.007621952332556248
-0.20586083829402924
0.07060003280639648
-0.012467272579669952
0.06097755581140518
0.09991572797298431
0.022849485278129578
-0.03499339520931244
0.00209351209923625
-0.0005101038841530681
-0.31410208344459534
0.0033942910376936197
-0.01013503409922123
-0.039771534502506256
0.008318248204886913
0.030596384778618813
0.05720175802707672
0.03309663012623787
0.05705629661679268
0.4080384075641632
0.15161751210689545
0.07029051333665848
0.13350462913513184
0.13953335583209991
0.011677700094878674
-0.028143545612692833
-0.01259811781346798
0.00686376029625535
-0.14762717485427856
0.05428537353873253
0.01137049775570631
0.01057033333927393
0.06804745644330978
-0.0061041428707540035
0.019100725650787354
0.016602464020252228
0.04776379093527794
0.10598025470972061
0.08471553772687912
0.052825964987277985
0.09207934886217117
0.09867846220731735
-0.025400111451745033
-0.028693323954939842
-0.02577230893075466
-0.002572863595560193
-0.062404535710811615
-0.008405058644711971
0.01600155048072338
0.0072675226256251335
0.020321525633335114
0.009878227487206459
-0.004546340089291334
-0.003223756328225136
0.019073739647865295
0.05362093076109886
0.03788045793771744
0.029652202501893044
0.025729382410645485
0.04195208474993706
0.014004161581397057
0.023901989683508873
0.03457718715071678
0.040605828166007996
0.1534395068883896
0.06725922971963882
0.05162206292152405
0.06907323002815247
0.07468496263027191
-0.010984998196363449
-0.004754242021590471
-0.0079391123726964
0.006166053004562855
0.06386280804872513
0.020425179973244667
0.006788332015275955
0.018119163811206818
0.024007633328437805
-0.0014443745603784919
-0.0032315026037395
-0.00469985930249095
0.008043148554861546
0.04855656623840332
0.014986900612711906
0.007654078304767609
0.011380559764802456
0.013425673358142376
0.025346556678414345
0.04817863553762436
0.057416882365942
0.05153171718120575
0.1657404750585556
0.12561383843421936
0.05549072101712227
0.11484962701797485
0.1317531019449234
-0.029859015718102455
-0.012882769107818604
0.012432560324668884
-0.02669302187860012
0.018302733078598976
0.029741303995251656
-0.01943415217101574
0.011816146783530712
0.030108459293842316
-0.013360063545405865
-0.0439990758895874
-0.02024880237877369
-0.03273290768265724
-0.10642870515584946
-0.04051419720053673
-0.04734300822019577
-0.025879936292767525
-0.025357365608215332
-0.023571312427520752
-0.013677634298801422
0.001594259520061314
-0.01391784381121397
0.010993565432727337
0.015537533909082413
-0.00046790801570750773
0.012624903582036495
0.020999828353524208
0.002945456886664033
0.014320025220513344
0.012568340636789799
0.0026423989329487085
0.044946666806936264
0.024236951023340225
0.0037490432150661945
0.02319207414984703
0.0323939323425293
0.011595521122217178
0.03597259148955345
0.025028852745890617
0.023769838735461235
0.10373756289482117
0.06294970214366913
0.009493655525147915
0.0534561350941658
0.05767536163330078
-0.5440324544906616
-0.23210160434246063
-0.5029785633087158
-0.29081547260284424
1.7624518871307373
0.19899733364582062
-0.5278829336166382
0.2891424596309662
0.15627126395702362
0.47834551334381104
0.22756920754909515
0.22317008674144745
-0.018938129767775536
-0.8036609888076782
-0.2318815290927887
0.09674979746341705
-0.3759159743785858
-0.05763451009988785
-0.06984033435583115
-0.0605010949075222
0.002408168278634548
-0.21973443031311035
0.9603577852249146
0.059550538659095764
-0.2975439429283142
-0.059854667633771896
-0.10764890909194946
0.0229889377951622
0.05471460893750191
0.06916434317827225
0.07204942405223846
0.1562984734773636
0.12470687925815582
0.06789419800043106
0.11895662546157837
0.12077508121728897
-0.031221937388181686
-0.018085505813360214
-0.013341667130589485
-0.03867533057928085
-0.1344992071390152
-0.011924036778509617
-0.028904389590024948
-0.0335279256105423
-0.009102704003453255
-0.010586298070847988
-0.024275587871670723
-0.02407531626522541
-0.03269099444150925
-0.19320711493492126
-0.04579811915755272
-0.026412734761834145
-0.04922669753432274
-0.0504024475812912
0.18760624527931213
0.03855375945568085
-0.015510792843997478
0.001763728796504438
-0.19030441343784332
-0.20733654499053955
-0.03139813616871834
-0.11777284741401672
-0.1522718220949173
0.011630386114120483
-0.02436062879860401
-0.21576173603534698
0.11181941628456116
0.34502363204956055
-0.30736348032951355
0.08225318044424057
-0.004394172690808773
-0.2609926760196686
-0.0537949837744236
0.006890107877552509
-0.2420780211687088
0.07292979955673218
0.868424117565155
-0.14891698956489563
0.08140068501234055
0.1897655725479126
-0.14986185729503632
0.013293232768774033
0.007250725291669369
0.02349180355668068
0.01259182021021843
0.08391690254211426
0.02744036167860031
0.02317175827920437
0.032234251499176025
0.044776611030101776
0.020672747865319252
0.02772475592792034
0.023290418088436127
0.02609756588935852
0.15633562207221985
0.04094256833195686
0.014061297290027142
0.032671067863702774
0.034556154161691666
0.001611116691492498
0.0015773818595334888
0.008987823501229286
0.010543817654252052
0.026327457278966904
0.026611365377902985
0.008481362834572792
0.01198518555611372
0.02074490115046501
-0.04567397013306618
-0.04466458782553673
-0.0027907611802220345
-0.04066956415772438
0.13617703318595886
0.009181315079331398
-0.025048134848475456
-0.021943002939224243
0.02138786017894745
0.10256218910217285
0.13231809437274933
0.13167929649353027
0.14296786487102509
0.5979994535446167
0.17733843624591827
0.11953917890787125
0.17838717997074127
0.17203687131404877
-0.006932983640581369
-0.13969507813453674
-0.10081767290830612
-0.13569974899291992
-0.2351452261209488
-0.29171010851860046
-0.16167613863945007
-0.3071620464324951
-0.28937456011772156
0.0033923841547220945
-0.01720617711544037
-0.018509425222873688
-0.013058052398264408
-0.06711515784263611
-0.03598456457257271
-0.018132619559764862
-0.035802461206912994
-0.04125255346298218
0.015229972079396248
-0.0071641807444393635
-0.00786532647907734
-0.00782849732786417
-0.06731605529785156
-0.027357064187526703
-0.007341949734836817
-0.023596350103616714
-0.02045094594359398
-0.002056925557553768
-0.03408807888627052
-0.02423337660729885
-0.017887283116579056
-0.14497815072536469
-0.05450936406850815
-0.02119065821170807
-0.05497937649488449
-0.05853981152176857
0.029233720153570175
0.014364687725901604
0.0006641231011599302
0.009634082205593586
0.03174283355474472
0.007595083210617304
0.0035884068347513676
0.006539126392453909
-0.013291336596012115
-0.06402391195297241
-0.09130172431468964
-0.09496210515499115
-0.0809556394815445
-0.1341782957315445
-0.11549916863441467
-0.07729832082986832
-0.107272207736969
-0.1049574464559555
0.02470516413450241
0.01999393291771412
0.010241864249110222
0.019164996221661568
0.05057751387357712
-0.004323790781199932
0.0265842005610466
-0.0017076835501939058
-0.0076444316655397415
0.06140763685107231
-0.03309814631938934
-0.03855856880545616
-0.07015671581029892
-0.6399267911911011
-0.21922451257705688
-0.0420985221862793
-0.1844152808189392
-0.14663250744342804
0.015604748390614986
0.05486752465367317
0.004278041888028383
0.12953104078769684
1.9376825094223022
0.12756358087062836
0.04694659262895584
0.17704558372497559
0.0782623142004013
0.020642917603254318
-0.10496138781309128
-0.043311987072229385
-0.07278638333082199
-0.4478040933609009
-0.22470349073410034
-0.047791268676519394
-0.2339204102754593
-0.20854294300079346
0.030278032645583153
0.10598977655172348
0.10301056504249573
0.122472383081913
0.17137694358825684
0.20351587235927582
0.11205640435218811
0.19453749060630798
0.19584044814109802
-0.06110331788659096
-0.08989037573337555
-0.06861541420221329
-0.11367262899875641
-0.3600893020629883
-0.11615505069494247
-0.059396326541900635
-0.11345914751291275
-0.09511832892894745
0.03588149696588516
0.005057026632130146
0.010183347389101982
-0.012134099379181862
-0.17385947704315186
-0.05163384974002838
-0.004866967909038067
-0.049702536314725876
-0.04879748076200485
0.9974803924560547
0.12722371518611908
-0.7231578230857849
0.9240605235099792
-0.7059440016746521
-1.185373067855835
0.7244717478752136
0.22639350593090057
-0.32461538910865784
0.9462271332740784
0.08274412155151367
-1.2282379865646362
1.2049801349639893
-0.6467810869216919
-1.5676803588867188
1.2620855569839478
0.5088702440261841
-0.5964372754096985
-0.06470126658678055
-0.26551786065101624
-0.0429973304271698
0.06712710857391357
-1.0209684371948242
-0.028998201712965965
0.3341095745563507
0.5148341655731201
0.45316600799560547
0.008975385688245296
-0.0072364965453743935
0.0009178654872812331
0.002527984557673335
-0.03338462486863136
0.002759896218776703
0.00416567362844944
-0.005979023873806
-0.0060559846460819244
-0.03333373740315437
-0.04685482755303383
-0.033668987452983856
-0.038536153733730316
-0.06917164474725723
-0.048870064318180084
-0.03435264527797699
-0.04653321951627731
-0.047271646559238434
-0.011096810922026634
-0.023370055481791496
-0.026294173672795296
-0.024332089349627495
-0.03730572760105133
-0.03315560519695282
-0.024256927892565727
-0.03713656961917877
-0.05195304751396179
-0.0034734131768345833
-0.0265804436057806
-0.025238431990146637
-0.03339913487434387
-0.26690706610679626
-0.0598636157810688
-0.017643455415964127
-0.05988113209605217
-0.057292014360427856
0.008723316714167595
-0.020899605005979538
-0.020048096776008606
-0.008153080008924007
-0.07744307816028595
-0.045642659068107605
-0.008597892709076405
-0.03393462672829628
-0.04238744452595711
0.01866236701607704
-0.014004933647811413
-0.010665470734238625
-0.0032817148603498936
-0.13874752819538116
-0.04793068394064903
-0.00746375834569335
-0.04675409197807312
-0.03940033167600632
-0.008741235360503197
-0.030099596828222275
-0.03128635510802269
-0.02306206338107586
-0.08013960719108582
-0.05065784230828285
-0.027366816997528076
-0.04525971785187721
-0.05690152943134308
-0.020315155386924744
-0.03729408234357834
-0.03882848098874092
-0.02207004837691784
-0.13154378533363342
-0.04082762449979782
-0.033550482243299484
-0.04120376333594322
-0.052680350840091705
0.010981513187289238
0.008473780006170273
0.0056661744602024555
0.0010587838478386402
-0.03392798453569412
-0.006341997068375349
0.004365337081253529
-0.00984080508351326
-0.023322615772485733
-0.0036728507839143276
-0.018058426678180695
-0.0127364881336689
-0.01257398258894682
-0.1278039813041687
-0.03304791823029518
-0.017254384234547615
-0.03491047024726868
-0.043964967131614685
-0.01219221018254757
-0.025005925446748734
-0.03398561850190163
-0.021771298721432686
-0.15513433516025543
-0.041561026126146317
-0.021855127066373825
-0.0369538739323616
-0.045149583369493484
0.0006505211349576712
-0.015107311308383942
-0.022524604573845863
-0.002985619707033038
-0.09704429656267166
-0.04500727728009224
-0.01767048053443432
-0.04032154753804207
-0.0389125756919384
0.029201211407780647
0.02513406053185463
0.035137027502059937
0.0435585156083107
0.1815413534641266
0.056470710784196854
0.03144627436995506
0.04032814875245094
0.0487864688038826
-0.01668871007859707
-0.015161663293838501
-0.016674967482686043
-0.01633528620004654
-0.031054610386490822
-0.014335163868963718
-0.02358684316277504
-0.0346059687435627
-0.026302291080355644
-0.04535665363073349
-0.06195864453911781
-0.06322219967842102
-0.07383467257022858
-0.15944842994213104
-0.09893505275249481
-0.058538589626550674
-0.09733428061008453
-0.10375073552131653
-0.01825168915092945
-0.007337832823395729
0.00977953802794218
-0.002636401215568185
0.027355510741472244
0.03605233505368233
0.0127624636515975
0.020923912525177002
0.03926531970500946
0.009037027135491371
0.02506139501929283
0.014929513446986675
0.03328034654259682
0.12342596054077148
0.05509320646524429
0.03269258141517639
0.06145269423723221
0.0473322756588459
0.00970559474080801
-0.001357092522084713
0.0013102275552228093
0.012626227922737598
-0.03705981373786926
0.018457716330885887
0.0004773414693772793
0.0022303301375359297
0.02130204625427723
-0.012423364445567131
-0.01885279081761837
0.0035373105201870203
-0.007411122787743807
0.05295594781637192
0.02202429249882698
0.017946584150195122
0.018222002312541008
0.03993922099471092
0.017511771991848946
0.02922200784087181
0.01880727708339691
0.02826131135225296
0.14215001463890076
0.06233849748969078
0.01820618472993374
0.055359601974487305
0.06002984195947647
-0.0021486016921699047
0.0019325570901855826
0.014409830793738365
0.007411057595163584
0.08855190873146057
0.04602216184139252
0.00869766529649496
0.04635541886091232
0.052543994039297104
0.028034457936882973
0.0008056050864979625
0.009589364752173424
-0.008211738429963589
-0.054078567773103714
-0.025887053459882736
-0.002820919267833233
-0.01612028293311596
-0.02308826334774494
0.019271450117230415
-0.01658586785197258
-0.02259337157011032
-0.007968456484377384
-0.12846733629703522
-0.04103894159197807
-0.006913148332387209
-0.048032354563474655
-0.052432239055633545
0.011859363876283169
-0.03483281657099724
-0.03833669796586037
-0.024367844685912132
-0.13634642958641052
-0.08032912760972977
-0.035400256514549255
-0.08493491262197495
-0.0900423601269722