1.4438769817352295
2.7529704570770264
1.8213247060775757
2.1069705486297607
4.508030891418457
2.3707633018493652
2.779224395751953
3.2333872318267822
2.7476003170013428
0.5673730373382568
5.513191223144531
2.4710030555725098
3.5235698223114014
1.1785513162612915
2.2103049755096436
4.209877014160156
4.031199932098389
2.5036909580230713
1.7824633121490479
1.7434706687927246
3.0045366287231445
2.0288922786712646
2.5798966884613037
1.1537169218063354
0.9077129364013672
0.43227729201316833
2.595142364501953
3.112067461013794
0.8483918309211731
2.5698986053466797
1.4964169263839722
1.487950325012207
0.6152263879776001
1.7878332138061523
2.3772690296173096
2.2327606678009033
2.1571497917175293
4.089014530181885
2.2344236373901367
3.135679006576538
1.7403655052185059
3.729848623275757
3.16372013092041
3.201429843902588
3.0097005367279053
2.0794825553894043
1.7802447080612183
2.665489435195923