0.04509027302265167
0.05805820971727371
0.05133660137653351
0.06831031292676926
-0.0193152017891407
0.05140985548496246
0.021983347833156586
0.04544873163104057
-0.008771874010562897
0.08415772765874863
0.16003315150737762
-0.12047675997018814
0.16090650856494904
-0.05239112302660942
0.07439011335372925
-0.2819835841655731
-0.06069447100162506
-0.13766324520111084
0.06653938442468643
-0.03721249848604202
-0.025013135746121407
0.03913285955786705
0.10408729314804077
-0.16822698712348938
0.13479143381118774
0.07941678911447525
0.04503505304455757
0.0403970405459404
-0.049396414309740067
0.11330115795135498
-0.02847312018275261
-0.09603501856327057
-0.031457338482141495
0.07727266103029251
-0.20484976470470428
-0.10133925825357437
-0.053423598408699036
-0.12553252279758453
-0.10007181763648987
0.0757608637213707
-0.11804746836423874
-0.08160611987113953
-0.05711031332612038
-0.10760779678821564
-0.19081370532512665
0.06818995624780655
0.1176564171910286
-0.13600939512252808